0 0 0.0
0.01 0.010017314351306166 -0.06991323290501002
0.02 0.02003462870271683 -0.13547594610096
0.03 0.030051943033437837 -0.19689866686641003
0.04 0.04006925738453503 -0.25439116388096
0.05 0.05008657174294673 -0.30816215638125005
0.06 0.060103886086729286 -0.3584190233169601
0.07 0.07012120042894474 -0.4053675125068101
0.08 0.08013851478004179 -0.4492114497945601
0.09 0.09015582912486948 -0.49015244820501
0.1 0.10017314351306181 -0.5283896171
0.11 0.11019045788401273 -0.5641192713344101
0.12 0.12020777227272712 -0.5975346404121602
0.13 0.13022508649947728 -0.6288255776422099
0.14 0.1402424008516196 -0.6581782692945602
0.15 0.1502597153657263 -0.6857749437562499
0.16 0.16027702976489064 -0.7117935806873602
0.17 0.17029434399686538 -0.73640762017701
0.18 0.18031165826541268 -0.7597856718993601
0.19 0.19032897272204843 -0.7820912242696101
0.2 0.20034628702716847 -0.8034823536000001
0.21 0.21036360125914294 -0.82411143325581
0.22 0.22038091554858968 -0.8441248428113601
0.23 0.23039822993730444 -0.8636626772060101
0.24 0.24041554438349 -0.8828584559001601
0.25 0.25043285864158843 -0.90183883203125
0.26 0.2604501730146285 -0.9207233015697599
0.27 0.27046748743469146 -0.93962391247521
0.28 0.2804848016144199 -0.9586449738521604
0.29 0.2905021160658308 -0.9778827651062099
0.3 0.3005194303343784 -0.9974252451000001
0.31 0.31053674479101395 -1.0173517613092098
0.32 0.32055405911703283 -1.0377327589785603
0.33 0.3305713734952974 -1.05862949027781
0.34 0.34058868782654167 -1.08009372345776
0.35 0.3506060022152566 -1.1021674520062499
0.36 0.36062331648902823 -1.1248826038041602
0.37 0.37064063089341676 -1.14826075028141
0.38 0.3806579451201679 -1.17231281557296
0.39 0.39067525956635346 -1.1970387856748097
0.4 0.40069257384535045 -1.2224274176
0.41 0.4107098882915352 -1.2484559485346103
0.42 0.42072720257053237 -1.27508980499376
0.43 0.4307445170898633 -1.3022823119776097
0.44 0.44076183128526675 -1.3299744021273605
0.45 0.4507791456739816 -1.3580943248812503
0.46 0.4607964601044943 -1.3865573556305604
0.47 0.4708137742737725 -1.41526550487561
0.48 0.4808310887147336 -1.4441072273817601
0.49 0.4908484031556946 -1.4729571313354106
0.5 0.5008657174294672 -1.5016756875000001
0.51 0.5108830318443051 -1.5301089383720101
0.52 0.5209003460449307 -1.5580882073369593
0.53 0.5309176603657262 -1.58542980782541
0.54 0.5409349747701147 -1.6119347524689602
0.55 0.5509522890229887 -1.6373884622562513
0.56 0.560969603479624 -1.6615604756889617
0.57 0.5709869179101361 -1.6842041579378093
0.58 0.5810042321839077 -1.70505640999856
0.59 0.5910215466353186 -1.7238373778480105
0.6 0.6010388608672934 -1.740250161600001
0.61 0.61105617513584 -1.753980524661411
0.62 0.6210734894357371 -1.76469660288816
0.63 0.6310908038192269 -1.7720486137412101
0.64 0.6411081181347966 -1.7756685654425608
0.65 0.6511254325757573 -1.77516996613125
0.66 0.6611427468599788 -1.7701475330193603
0.67 0.6711600613479621 -1.7601769015480104
0.68 0.6811773755851622 -1.744814334543359
0.69 0.6911946899686523 -1.723596431372611
0.7 0.7012120042894475 -1.6960398371000016
0.71 0.7112293185788917 -1.6616409516428075
0.72 0.7212466329780565 -1.6198756389273603
0.73 0.731263947419017 -1.5701989360450108
0.74 0.7412812617398118 -1.51204476240816
0.75 0.7512985760606068 -1.4448256289062504
0.76 0.7613158903500525 -1.3679323470617604
0.77 0.7713332047439916 -1.2807337381862105
0.78 0.7813505190491127 -1.1825763425361595
0.79 0.7913678333803571 -1.072784128469209
0.8 0.801385147800418 -0.9506582015999996
0.81 0.8114024621891333 -0.8154765139562077
0.82 0.8214197765047024 -0.6664935731345629
0.83 0.8314370908934162 -0.5029401514568121
0.84 0.8414544051567395 -0.3240229951257607
0.85 0.8514717197074194 -0.12892453338125165
0.86 0.8614890337356321 0.08319741234383926
0.87 0.8715063482288397 0.31320991926759234
0.88 0.8815236626071049 0.5620052541030365
0.89 0.8915409768652035 0.8305011639021842
0.9 0.9015582912486941 1.1196411668999957
0.91 0.9115756055381403 1.430394843358389
0.92 0.9215929199843259 1.7637581264102398
0.93 0.9316102342633253 2.1207535929033874
0.94 0.9416275487095109 2.502430754244637
0.95 0.9516448629205854 2.9098663472437476
0.96 0.9616621773406456 3.344164624957436
0.97 0.971679491938348 3.806457647533385
0.98 0.9816968055851618 4.2979055730542335
0.99 0.9917141214315571 4.81969694838158
1.0 1.0017314351306155 5.373048999999995
1.01 1.0117487489498425 5.959207924860987
1.02 1.0217660632915369 6.579449181227037
1.03 1.0317833773406475 7.235077779515585
1.04 1.0418006922048064 7.92742857314304
1.05 1.0518180069487977 8.657866549368752
1.06 1.061835320454545 9.427787120139044
1.07 1.0718526352664564 10.238616412931194
1.08 1.0818699493730406 11.091811561597446
1.09 1.091887264576805 11.988860997208992
1.1 1.101904578840125 12.931284738899997
1.11 1.111921892319751 13.920634684711601
1.12 1.1219392069487983 14.958494902435838
1.13 1.131956521473355 16.04648192045977
1.14 1.1419738346917454 17.186245018609423
1.15 1.1519911485370928 18.37946651899373
1.16 1.162008463531871 19.627862076848626
1.17 1.1720257775862069 20.933180971380963
1.18 1.1820430933646795 22.29720639661263
1.19 1.1920604080459754 23.72175575222436
1.2 1.2020777227272732 25.20868093439998
1.21 1.212095035005224 26.75986862667017
1.22 1.2221123498955035 28.37724059075662
1.23 1.2321296653082567 30.06275395741598
1.24 1.242146978631139 31.818401517283824
1.25 1.2521642930512038 33.646212011718745
1.26 1.2621816082549644 35.54825042364622
1.27 1.2721989225705332 37.526618268402764
1.28 1.282216236050158 39.58345388457984
1.29 1.2922335507836982 41.720932724867794
1.3 1.3022508649947757 43.941267646899995
1.31 1.3122681811912256 46.246709204096796
1.32 1.3222854940438895 48.63954593650946
1.33 1.3323028083594568 51.1221046616642
1.34 1.3423201230407533 53.69675076540625
1.35 1.3523374362068912 56.365888492743764
1.36 1.3623547503134812 59.131961238691865
1.37 1.3723720655694893 61.997451839116614
1.38 1.3823893796760731 64.96488286157899
1.39 1.3924066943573667 68.03681689617915
1.4 1.4024240085161983 71.21585684639994
1.41 1.4124413234587267 74.50464621995133
1.42 71.26836079467084 77.90586941961423
1.43 74.76456941536038 81.42225203408435
1.44 78.38055139759659 85.05656112881661
1.45 82.11912808098212 88.81160553686873
1.46 85.98316223197484 92.69023614974543
1.47 89.9755584352142 96.69534620824237
1.48 94.09926324555916 100.8298715932902
1.49 98.35726564315566 105.09679111679856
1.5 102.75259722570522 109.49912681249998
1.51 107.28833224660399 114.039944226794
1.52 111.96758858411683 118.72235270959105
1.53 116.7935275600837 123.54950570515656
1.54 121.76935373040772 128.52460104295506
1.55 126.89831632706378 133.65088122849374
1.56 132.18370847962368 138.93163373416706
1.57 137.62886842215258 144.37019129010022
1.58 143.23717907001077 149.96993217499346
1.59 149.01206849529785 155.734280506966
1.6 154.95701032915358 161.66670653440002
1.61 161.07552386624855 167.77072692678462
1.62 167.37117485370936 174.04990506555987
1.63 173.84757526123283 180.50785133496072
1.64 180.50838315047008 187.14822341286134
1.65 187.35730444096126 193.97472656161864
1.66 194.39809153082558 200.9911139189166
1.67 201.6345450365726 208.2011867886099
1.68 209.0705124555905 215.60879493156858
1.69 216.7098904911182 223.2178368565213
1.7 224.5566234587254 231.03226011089998
1.71 232.61470440438887 239.05606157168316
1.72 240.88817551724193 247.2932877362406
1.73 249.38112852664577 255.74803501317695
1.74 258.09770377220565 264.42445001317583
1.75 267.0420925444095 273.3267298398437
1.76 276.2185354649945 282.45912238055416
1.77 285.6313237617552 291.82592659729175
1.78 295.2847996708464 301.43149281749584
1.79 305.18335578369897 311.2802230249047
1.8 315.33143663531916 321.37657115039997
1.81 325.7335376489024 331.7250433628498
1.82 336.39420666144224 342.33019835995344
1.83 347.3180432915359 353.1966476590852
1.84 358.5096995872522 364.32905588813827
1.85 369.97388073667804 375.7321410763688
1.86 381.715343949843 387.41067494523986
1.87 393.73890099268584 399.3694831992657
1.88 406.0494162957156 411.6134458168549
1.89 418.65180822361594 424.14749734115605
1.9 431.55104959770125 436.97662717089986
1.91 444.7521676907 450.1058798512443
1.92 458.2602441379314 463.5403553646181
1.93 472.0804156426321 477.28520942156524
1.94 486.21787463427324 491.34565375158843
1.95 500.67786873563256 505.72695639399365
1.96 515.4657015203763 520.4344419887334
1.97 530.5867328056424 535.4734920672513
1.98 546.0463785632181 550.8495453433261
1.99 561.850111938349 566.5680980039156
2.0 578.0034628004182 582.6347039999999
2.01 594.5120184900732 599.0549753374265
2.02 611.381423923719 615.834582367755
2.03 628.6173818129557 632.9792540790972
2.04 646.2256529414828 650.494778386967
2.05 664.2120569435729 668.3870024251183
2.06 682.5824718181813 686.661832836395
2.07 701.3428348171374 705.3252360635688
2.08 720.4991423772202 724.3832386401895
2.09 740.0574508986421 743.8419274814227
2.1 760.0238759456643 763.7074501749001
2.11 780.4045941222581 783.9860152715573
2.12 801.2058421839074 804.683892576484
2.13 822.4339173667728 825.8074134397614
2.14 844.0951783646819 847.3629710473137
2.15 866.19604507837 869.3570207117433
2.16 888.7429988401263 891.796080163185
2.17 911.7425832288409 914.6867298401388
2.18 935.2014038296747 938.035613180325
2.19 959.1261287983262 961.8494369115181
2.2 983.5234891640528 986.1349713424004
2.21 1008.4002793625907 1010.899050653396
2.22 1033.7633548589336 1036.148573187525
2.23 1059.6196387669793 1061.890501741238
2.24 1085.97611462905 1088.1318638552682
2.25 1112.8398330720993 1114.8797521054685
2.26 1140.2179069487997 1142.1413243936615
2.27 1168.117514472309 1169.923804238481
2.28 1196.5458994775363 1198.2344810662112
2.29 1225.510370219432 1227.0807105016418
2.3 1255.0183023510963 1256.4699146588994
2.31 1285.0771362068988 1286.4095824323028
2.32 1315.6943773772193 1316.9072697871968
2.33 1346.8776010449321 1347.9706000508063
2.34 1378.6344476489044 1379.6072642030695
2.35 1410.9726217345874 1411.8250211674938
2.36 1443.899899164056 1444.6316981019872
2.37 1477.4241230929993 1478.0351906897147
2.38 1511.553204754442 1512.0434634299304
2.39 1546.295118338563 1546.6645499288334
2.4 1581.6579150992675 1581.9065531903993
2.41 1617.6497111285253 1617.7776459072377
2.42 1654.2786891849514 1654.286070751422
2.43 1691.553102455588 1691.4401406653465
2.44 1729.4812793103436 1729.24823915256
2.45 1768.0716089864184 1767.7188205686193
2.46 1807.3325613897596 1806.860410411921
2.47 1847.2726672936271 1846.681605614561
2.48 1887.9005332288384 1887.1910748331618
2.49 1929.224837042842 1928.3975587397335
2.5 1971.2543283176603 1970.3098703125
2.51 2013.9978253918498 2012.9368951267586
2.52 2057.4642193312425 2056.2875916457187
2.53 2101.6624757575737 2100.3709915113373
2.54 2146.601632236152 2145.1961998351785
2.55 2192.2907978578887 2190.7723954892426
2.56 2238.739155015677 2237.108831396823
2.57 2285.9559621734597 2284.2148348233372
2.58 2333.9505452978083 2332.0998076671854
2.59 2382.732313584117 2380.7732267505794
2.6 2432.3107425287335 2430.2446441104
2.61 2482.6953847962372 2480.52368728903
2.62 2533.8958697492185 2531.6200596252083
2.63 2585.9218999477544 2583.543540544862
2.64 2638.783253657259 2636.303985851966
2.65 2692.489786050153 2689.911328019368
2.66 2747.0514274817174 2744.3755764796533
2.67 2802.478182131654 2799.706817915967
2.68 2858.780135214212 2855.915216552881
2.69 2915.9674457680235 2913.011014447215
2.7 2974.0503549634286 2971.004531778901
2.71 3033.039172152562 3029.9061671418085
2.72 3092.9442954545434 3089.7263978346095
2.73 3153.7761904388703 3150.475780151599
2.74 3215.5454056948815 3212.164949673561
2.75 3278.2625732497395 3274.8046215585937
2.76 3341.9383985893396 3338.4055908329683
2.77 3406.583664629044 3402.978732681969
2.78 3472.209238610237 3468.5350027407258
2.79 3538.8260647857874 3535.0854373850784
2.8 3606.4451688087765 3602.641154022398
2.81 3675.077654022986 3671.213351382456
2.82 3744.7347096656185 3740.8133098082394
2.83 3815.427600417977 3811.452391546827
2.84 3887.1676730407535 3883.1420410402015
2.85 3959.9663629571546 3955.893785216119
2.86 4033.8351755485915 4029.7192337789343
2.87 4108.7857063740785 4104.630079500464
2.88 4184.829630407523 4180.638098510806
2.89 4261.978708777428 4257.755150589212
2.9 4340.244781609203 4335.993179454899
2.91 4419.639771159876 4415.364213057931
2.92 4500.175691118083 4495.8803638700265
2.93 4581.86462868339 4577.553829175428
2.94 4664.718761442011 4660.396891361733
2.95 4748.750349947752 4744.421918210745
2.96 4833.971740386634 4829.641363189308
2.97 4920.395361233024 4916.067765740171
2.98 5008.033730303026 5003.713751572797
2.99 5096.899445715778 5092.592032954251
3.0 5187.005194043885 5182.715408999999
3.01 5278.363750888187 5274.09676596479
3.02 5370.987973981192 5366.749077533483
3.03 5464.890810188082 5460.685405111877
3.04 5560.085291954023 5555.918898117591
3.05 5656.584538714733 5652.462794270867
3.06 5754.40175778476 5750.330419885451
3.07 5853.550248171368 5849.535190159406
3.08 5954.043388244517 5950.090609465981
3.09 6055.8946553813885 6052.010271644434
3.1 6159.117607941501 6155.3078602909
3.11 6263.72589414837 6259.997149049202
3.12 6369.733256321833 6366.092001901732
3.13 6477.15352225705 6473.606373460262
3.14 6586.000609352136 6582.554309256819
3.15 6696.288526123312 6692.949946034491
3.16 6808.031373824451 6804.807512038321
3.17 6921.243340282137 6918.141327306096
3.18 7035.938705433657 7032.965803959238
3.19 7152.131844618612 7149.29544649361
3.2 7269.837221734601 7267.144852070402
3.21 7389.069387460807 7386.5287108069215
3.22 7509.842993207952 7507.461806067494
3.23 7632.172779519338 7629.9590147542585
3.24 7756.073577586211 7754.035307598053
3.25 7881.560314785809 7879.705749449218
3.26 8008.648009979107 8006.985499568475
3.27 8137.351775757588 8135.889811917758
3.28 8267.68681739811 8266.43403545104
3.29 8399.668439184943 8398.633614405215
3.3 8533.31203396028 8532.504088590897
3.31 8668.633093730403 8668.061093683307
3.32 8805.647200992686 8805.320361513082
3.33 8944.370038087765 8944.29772035715
3.34 9084.817381086705 9085.00909522953
3.35 9227.00510360501 9227.470508172244
3.36 9370.949170062706 9371.698078546082
3.37 9516.665647230933 9517.708023321513
3.38 9664.170698432587 9665.51665736948
3.39 9813.48057951936 9815.140393752288
3.4 9964.611647596641 9966.5957440144
3.41 10117.580358411724 10119.899318473324
3.42 10272.403245036561 10275.067826510429
3.43 10429.096992685461 10432.11807686181
3.44 10587.678331765921 10591.066977909102
3.45 10748.164084639491 10751.93153797037
3.46 10910.57124555905 10914.728865590896
3.47 11074.916826541255 11079.47616983408
3.48 11241.217970219426 11246.190760572234
3.49 11409.491938871484 11414.89004877747
3.5 11579.756067398092 11585.591546812499
3.51 11752.027791013576 11758.31286872152
3.52 11926.324691222571 11933.071730521046
3.53 12102.664390804586 12109.885950490716
3.54 12281.06463166143 12288.773449464203
3.55 12461.543262277915 12469.75225111999
3.56 12644.118282131678 12652.840482272279
3.57 12828.807694357361 12838.056373161773
3.58 13015.629671891375 13025.418257746576
3.59 13204.602479101344 13214.944573992989
3.6 13395.744473354223 13406.653864166401
3.61 13589.07412957159 13600.564775122071
3.62 13784.610010449298 13796.696058596059
3.63 13982.37078683384 13995.066571495961
3.64 14182.375233542338 14195.695276191871
3.65 14384.642270637432 14398.601240807116
3.66 14589.19084639496 14603.80363950919
3.67 14796.040054858933 14811.321752800524
3.68 15005.209113375153 15021.174967809395
3.69 15216.717327586215 15233.382778580704
3.7 15430.58408098225 15447.964786366903
3.71 15646.828914838019 15664.940699918732
3.72 15865.471448798311 15884.33033577618
3.73 16086.531413270657 16106.15361855922
3.74 16310.028624346909 16330.430581258746
3.75 16535.98305851621 16557.181365527344
3.76 16764.41474346919 16786.42622197018
3.77 16995.34383646812 17018.185510435847
3.78 17228.790647335394 17252.479700307154
3.79 17464.77550313479 17489.329370792053
3.8 17703.318893416923 17728.755211214393
3.81 17944.441448275888 17970.77802130486
3.82 18188.163858934164 18215.418711491726
3.83 18434.506917972816 18462.69830319177
3.84 18683.491560606042 18712.63792910106
3.85 18935.138837513085 18965.25883348587
3.86 19189.469881400233 19220.582372473425
3.87 19446.505951933126 19478.630014342863
3.88 19706.268412225723 19739.423339815952
3.89 19968.77872727272 20002.984042348064
3.9 20234.058510971787 20269.333928418895
3.91 20502.12945245561 20538.49491782342
3.92 20773.013364681316 20810.489043962632
3.93 21046.732197492165 21085.338454134493
3.94 21323.30796551724 21363.065409824674
3.95 21602.762837513073 21643.6922869975
3.96 21885.11906165098 21927.24157638668
3.97 22170.399028735676 22213.735883786292
3.98 22458.625232497383 22503.197930341466
3.99 22749.820295193338 22795.650552839386
4.0 23092.030602403327 23091.116704
4.01 23438.898188610277 23389.619452766954
4.02 23740.847394984346 23691.181984598396
4.03 24045.877776906982 23995.82760175787
4.04 24354.012683385623 24303.579723605017
4.05 24665.275597178694 24614.46188688661
4.06 24979.690135841127 24928.497746027297
4.07 25297.27996708469 25245.711073420454
4.08 25618.06894200624 25566.125759718972
4.09 25942.080984326054 25889.765814126247
4.1 26269.34020846391 26216.655364686885
4.11 26599.870767502576 26546.818658577657
4.12 26933.696930512044 26880.28006239818
4.13 27270.84317450367 27217.064062461955
4.14 27611.33401097176 27557.195265087106
4.15 27955.194113375153 27900.698396887256
4.16 28302.448239811896 28247.598305062256
4.17 28653.12131556948 28597.919957689246
4.18 29007.23836050159 28951.688444013336
4.19 29364.824491640513 29308.92897473852
4.2 29725.9050188088 29669.666882318405
4.21 30090.5052941484 30033.927621247243
4.22 30458.650818704304 30401.73676835065
4.23 30830.367261755433 30773.120023076495
4.24 31205.680341170308 31148.103207785643
4.25 31584.61592633232 31526.712268042967
4.26 31967.200075757617 31908.973272908082
4.27 32353.458831243464 32294.91241522622
4.28 32743.418510971784 32684.556011919085
4.29 33137.10541797281 33077.93050427559
4.3 33534.5460909091 33475.062458242886
4.31 33935.76714420065 33875.9785647171
4.32 34340.795300417914 34280.70563983418
4.33 34749.65746342733 34689.27062526069
4.34 35162.38057001052 35101.70058848479
4.35 35578.99178369906 35518.02272310697
4.36 35999.518328108694 35938.264349130994
4.37 36423.98761024029 36362.452913254514
4.38 36852.42708725188 36790.61598916023
4.39 37284.8643955067 37222.78127780652
4.4 37721.327295193216 37658.97660771841
4.41 38161.84365464995 38099.22993527821
4.42 38606.44150052243 38543.56934501663
4.43 39055.148956112884 38992.02304990345
4.44 39507.99427429467 39444.619391638465
4.45 39965.00586468136 39901.38684094212
4.46 40426.21223667717 40362.35399784667
4.47 40891.64203866248 40827.54959198678
4.48 41361.32405851619 41297.00248289052
4.49 41835.28721525596 41770.74166027
4.5 42313.56052664575 42248.7962443125
4.51 42796.17317816089 42731.195485971075
4.52 43283.15443887149 43217.96876725555
4.53 43774.53377847445 43709.14560152331
4.54 44270.34074608157 44204.75563377003
4.55 44770.60503239291 44704.828640920736
4.56 45275.356466039724 45209.39453212051
4.57 45784.624987983225 45718.483349025424
4.58 46298.44072779505 46232.12526609317
4.59 46816.83386833852 46750.35059087419
4.6 47339.834789968685 47273.18976430238
4.61 47867.47395663533 47800.67336098594
4.62 48399.782022466105 48332.8320894981
4.63 48936.78971473358 48869.696792668256
4.64 49478.5279373039 49411.298447872556
4.65 50025.02770428409 49957.66816732488
4.66 50576.3202115988 50508.837198367524
4.67 51132.436706374094 51064.83692376227
4.68 51693.40862852666 51625.69886198108
4.69 52259.26756321837 52191.45466749702
4.7 52830.04520010451 52762.136131074905
4.71 53405.77337513065 53337.775180062454
4.72 53986.48407262276 53918.403878680925
4.73 54572.20938505752 54504.05442831606
4.74 55162.98154963431 55094.759167808734
4.75 55758.83299268557 55690.55057374609
4.76 56359.796199059616 56291.461260752185
4.77 56965.90384430504 56897.523981778904
4.78 57577.18872936256 57508.7716283968
4.79 58193.68377899682 58125.23723108582
4.8 58815.422079937314 58746.95395952638
4.81 59442.436823929005 59373.95512289004
4.82 60074.76138819222 60006.274170130426
4.83 60712.42926384544 60643.944690273915
4.84 61355.474084117035 61287.00041271072
4.85 62003.92960240336 61935.475207485586
4.86 62657.829754963495 62589.40308558873
4.87 63317.20859352148 63248.81819924647
4.88 63982.100294670716 63913.75484221229
4.89 64652.53921264367 64584.24745005769
4.9 65328.55983960295 65260.33060046292
4.91 66010.19677533953 65942.03901350772
4.92 66697.48476489032 66629.40755196243
4.93 67390.45873824449 67322.47122157873
4.94 68089.15374712643 68021.26517138045
4.95 68793.60498484854 68725.82469395426
4.96 69503.84775809819 69436.18522574085
4.97 70219.91758254971 70152.38234732559
4.98 70941.85005485885 70874.45178372937
4.99 71669.68094879828 71602.42940469932
5.0 72403.4461572624 72336.351225
5.01 73143.18175026141 73076.2534047039
5.02 73888.92395924774 73822.1722494825
5.03 74640.70909299886 74574.14421089705
5.04 75398.57364002086 75332.20588668923
5.05 76162.55427063735 76096.39402107234
5.06 76932.6877403343 76866.74550502191
5.07 77709.01097439909 77643.2973765667
5.08 78491.56109195399 78426.08682107915
5.09 79280.37526227788 79215.15117156685
5.1 80075.49091797305 80010.52790896286
5.11 80876.94552925791 80812.25466241692
5.12 81684.7767946706 81620.36920958583
5.13 82499.02250522457 82434.90947692486
5.14 83319.72065569498 83255.9135399782
5.15 84146.90934169285 84083.41962367002
5.16 84980.62680668743 84917.466102595
5.17 85820.9115036572 85758.0915013096
5.18 86667.8019796238 86605.33449462264
5.19 87521.33692476482 87459.23390788623
5.2 88381.55523928934 88319.82871728641
5.21 89248.49592058516 89187.15805013436
5.22 90122.19811337518 90061.261185157
5.23 91002.70116718908 90942.17755278794
5.24 91890.04453343777 91829.94673545804
5.25 92784.26782340641 92724.6084678867
5.26 93685.41081295713 93626.20263737248
5.27 94593.51342319758 94534.76928408387
5.28 95508.61574817146 95450.34860135033
5.29 96430.75797648923 96372.98093595276
5.3 97359.98054075248 97302.70678841487
5.31 98296.32395924756 98239.56681329368
5.32 99239.82889759674 99183.60181947048
5.33 100190.53622257058 100134.85277044143
5.34 101148.48701149419 101093.36078460883
5.35 102113.72207941496 102059.16713557171
5.36 103086.28320794157 103032.31325241669
5.37 104066.21158307236 104012.84072000872
5.38 105053.54891849529 105000.79127928217
5.39 106048.33698014631 105996.20682753157
5.4 107050.61757053278 106999.12941870243
5.41 108060.43278996887 108009.60126368189
5.42 109077.82518286312 109027.66473059004
5.43 110102.83689132704 110053.36234507029
5.44 111135.51042319745 111086.73679058062
5.45 112175.88858411674 112127.83090868389
5.46 113224.01430512004 113176.68769933924
5.47 114279.93054336461 114233.35032119267
5.48 115343.68054336456 115297.86209186802
5.49 116415.30753918504 116370.26648825734
5.5 117494.85525078364 117450.60714681249
5.51 118582.36711598742 118538.92786383542
5.52 119677.88708463927 119635.27259576925
5.53 120781.4592476488 120739.68545948909
5.54 121893.1273981192 121852.21073259263
5.55 123012.93622257047 122972.89285369148
5.56 124140.93001567385 124101.77642270153
5.57 125277.15330721022 125238.90620113428
5.58 126421.65117554863 126384.32711238695
5.59 127574.46837513051 127538.0842420342
5.6 128735.65010449316 128700.22283811834
5.61 129905.24146812978 129870.78831144058
5.62 131083.28800940438 131049.82623585136
5.63 132269.83545977008 132237.38234854175
5.64 133464.929399164 133433.502550334
5.65 134668.61595088828 134638.23290597263
5.66 135880.94102403315 135851.61964441466
5.67 137101.950888192 137073.7091591212
5.68 138331.69213688586 138304.54800834798
5.69 139570.2111024032 139544.18291543613
5.7 140817.55474399193 140792.66076910292
5.71 142073.76970741915 142050.02862373294
5.72 143338.90358934173 143316.33369966887
5.73 144613.0031713689 144591.6233835021
5.74 145896.11582027195 145875.94522836353
5.75 147188.28947230912 147169.34695421482
5.76 148489.57196447215 148471.876448139
5.77 149800.01063218407 149783.58176463112
5.78 151119.65393939367 151104.51112588966
5.79 152448.54989550728 152434.7129221064
5.8 153786.74719958205 153774.23571175837
5.81 155134.2944932082 155123.12822189802
5.82 156491.2402089868 156481.43934844434
5.83 157857.63349007323 157849.21815647327
5.84 159233.52336468128 159226.51388050918
5.85 160618.95876698 160613.3759248153
5.86 162013.98984848507 162009.85386368484
5.87 163418.6655067921 163415.99744173125
5.88 164833.0358568443 164831.85657417987
5.89 166257.15092998938 166257.48134715811
5.9 167691.06050156738 167692.92201798694
5.91 169134.81514629044 169138.2290154708
5.92 170588.4651671887 170593.45294018943
5.93 172052.06105015668 172058.64456478815
5.94 173525.65409090908 173533.85483426903
5.95 175009.2946656219 175019.134866281
5.96 176503.0342371997 176514.53595141182
5.97 178006.92402298836 178020.10955347808
5.98 179521.0154388719 179535.90730981645
5.99 181045.36018808818 181061.98103157408
6.0 182580.0103291538 182598.382704
6.01 184125.01778996878 184145.16448673565
6.02 185680.43443051193 185702.37871410578
6.03 187246.31287356315 187270.07789540946
6.04 188822.70564263273 188848.31471521026
6.05 190409.66531870436 190437.14203362807
6.06 192007.24484326044 192036.61288662933
6.07 193615.4974137933 193646.78048631817
6.08 195234.47591431538 195267.69822122657
6.09 196864.2340909092 196899.41965660625
6.1 198504.82535005207 198541.99853471882
6.11 200156.30354232012 200195.488775127
6.12 201818.72259143146 201859.9444749847
6.13 203492.13655172408 203535.41990932892
6.14 205176.5996185999 205221.96953137006
6.15 206872.1665882972 206919.6479727828
6.16 208578.89189132676 208628.51004399653
6.17 210296.8301828626 210348.61073448713
6.18 212026.03684953033 212080.0052130671
6.19 213766.56678160932 213822.74882817673
6.2 215518.47551201683 215576.8971081744
6.21 217281.81834378262 217342.5057616283
6.22 219056.65143155702 219119.63067760653
6.23 220843.03029258127 220908.32792596857
6.24 222641.01106060587 222708.65375765524
6.25 224450.65021943604 224520.66460498044
6.26 226272.0038975965 226344.41708192168
6.27 228105.1290961337 228179.9679844107
6.28 229950.08216823346 230027.37429062478
6.29 231806.9205851623 231886.6931612767
6.3 233675.70120689578 233757.98193990684
6.31 235556.4815099267 235641.29815317303
6.32 237449.31906478546 237536.69951114195
6.33 239354.271337513 239444.2439075794
6.34 241271.3966614423 241363.9894202417
6.35 243200.75256530812 243295.9943111664
6.36 245142.3980668758 245240.31702696322
6.37 247096.39089341645 247197.0161991041
6.38 249062.79010971836 249166.1506442153
6.39 251041.65437826564 251147.7793643674
6.4 253033.04263845412 253141.96154736646
6.41 255037.01443051186 255148.7565670444
6.42 257053.6289341692 257168.22398355065
6.43 259082.9455276903 259200.42354364228
6.44 261125.02411703236 261245.41518097557
6.45 263179.9248589345 263303.25901639566
6.46 265247.7076854751 265374.0153582286
6.47 267328.432831766 267457.74470257177
6.48 269422.1609143157 269554.50773358473
6.49 271528.95262277924 271664.3653237795
6.5 273648.8686624873 273787.3785343125
6.51 275781.97035527683 275923.60861527454
6.52 277928.31884012505 278073.1170059821
6.53 280087.97556948796 280235.96533526806
6.54 282261.0023667712 282412.2154217721
6.55 284447.4605381397 284601.9292742322
6.56 286647.41277429456 286805.1690917753
6.57 288860.9206008363 289021.99726420833
6.58 291088.04705851665 291252.4763723079
6.59 293328.854273772 293496.669188113
6.6 295583.4053187043 295754.63867521426
6.61 297851.7628108673 298026.44798904605
6.62 300133.990208986 300312.1604771758
6.63 302430.15077325027 302611.8396795965
6.64 304740.30813479633 304925.5493290163
6.65 307064.52592476533 307253.3533511504
6.66 309402.8679467081 309595.31586501066
6.67 311755.3984639506 311951.5011831973
6.68 314122.18184953014 314321.97381219
6.69 316503.2825339609 316706.79845263803
6.7 318898.7655276908 319106.0399996509
6.71 321308.6951671888 321519.76354309026
6.72 323733.1367450368 323948.03436786
6.73 326172.1557471266 326390.9179541974
6.74 328625.817309299 328848.4799779631
6.75 331094.1874660395 331320.7863109336
6.76 333577.33198014594 333807.90302109055
6.77 336075.3169226742 336309.89637291257
6.78 338588.20830720937 338826.83282766567
6.79 341116.07311912184 341358.77904369374
6.8 343658.9774033436 343905.8018767104
6.81 346216.9884482761 346467.96838008874
6.82 348790.1733490074 349045.3458051534
6.83 351378.59893939336 351638.00160146976
6.84 353982.3330355277 354246.0034171364
6.85 356601.4430982238 356869.41909907496
6.86 359235.9969226756 359508.3166933218
6.87 361886.0627324969 362162.7644453172
6.88 364551.7086520376 364832.83080019854
6.89 367233.0032967603 367518.5844030893
6.9 369930.0149843259 370220.09409939096
6.91 372642.8129519328 372937.4289350727
6.92 375371.46582027094 375670.6581569636
6.93 378116.0431295719 378419.85121304274
6.94 380876.614132706 381185.0777527304
6.95 383653.24853709515 383966.4076271778
6.96 386446.0164890279 386763.9108895596
6.97 389254.98757053236 389577.65779536375
6.98 392080.23253395956 392407.71880268276
6.99 394921.8213166144 395254.16457250365
7.0 397779.82470219414 398117.065969
7.01 400654.3137042845 400996.4940598221
7.02 403545.359064785 403892.5201163882
7.03 406453.03280564386 406805.2156141751
7.04 409377.4054545461 409734.652233008
7.05 412318.54912748246 412680.90185735375
7.06 415276.5358934179 415644.03657660953
7.07 418251.4373824453 418624.1286853949
7.08 421243.3264106581 421621.2506838411
7.09 424252.2751306169 424635.4752778844
7.1 427278.3560658298 427666.8753795548
7.11 430321.642523511 430715.52410726785
7.12 433382.2071577845 433781.4947861147
7.13 436460.12389759684 436864.86094815424
7.14 439555.4656739804 439965.6963327027
7.15 442668.3064576806 443084.0748866256
7.16 445798.7203552758 446220.07076462684
7.17 448946.78118077415 449373.7583295419
7.18 452112.5634587257 452545.2121526267
7.19 455296.14170323964 455734.5070138501
7.2 458497.5907471252 458941.7179021824
7.21 461716.9854284208 462166.920015889
7.22 464954.40119122295 465410.1887628192
7.23 468209.9130668764 468671.59976069845
7.24 471483.59697492013 471951.22883741726
7.25 474775.52861546585 475249.15203132416
7.26 478085.7839132718 478565.4455915156
7.27 481414.43940438924 481900.1859781267
7.28 484761.57114942494 485253.4498626224
7.29 488127.25580459763 488625.3141280874
7.3 491511.57077324955 492015.8558695188
7.31 494914.59246603836 495425.15239411517
7.32 498336.3986677117 498853.28122156864
7.33 501777.06648380327 502300.3200843545
7.34 505236.6739759682 505766.3469280233
7.35 509421.7812957168 509251.43991149106
7.36 512926.2509874605 512755.67740733054
7.37 516449.9390961342 516279.13800206076
7.38 519992.924514108 519821.90049643954
7.39 523555.2866144212 523384.04390575405
7.4 527137.1039759656 526965.6474601105
7.41 530738.4565935213 530566.7906047257
7.42 534359.4236572637 534187.5530002184
7.43 538000.0850888186 537828.0145228995
7.44 541660.5213113906 541488.2552650634
7.45 545340.8121682339 545168.3555352774
7.46 549041.0385005238 548868.3958586748
7.47 552761.2805224671 552588.456977244
7.48 556501.6196029251 556328.6198501206
7.49 560262.1368025081 560088.9656538764
7.5 564042.9132340666 563869.5757828125
7.51 567844.0310919549 567670.5318492483
7.52 571665.5715099269 571491.9156838142
7.53 575507.6169226742 575333.8093357404
7.54 579370.249299894 579196.2950731483
7.55 583253.5511546507 583079.4553833429
7.56 587157.6052925802 586983.3729731019
7.57 591082.4945506782 590908.1307689676
7.58 595028.3020950895 594853.8119175361
7.59 598995.1111703234 598820.4997857505
7.6 602983.0054702191 602808.2779611902
7.61 606992.0686050162 606817.2302523623
7.62 611022.384597701 610847.4406889915
7.63 615074.0377168246 614898.9935223124
7.64 619147.1122988506 618971.9732253593
7.65 623241.6932915358 623066.4644932582
7.66 627357.8654597694 627182.5522435154
7.67 631495.7137042832 631320.3216163106
7.68 635655.3235057474 635479.8579747872
7.69 639836.7804597713 639661.2469053428
7.7 644040.1703030315 643864.5742179189
7.71 648265.5790491124 648089.9259462944
7.72 652513.0929571572 652337.3883483743
7.73 656782.7983699077 656607.0479064819
7.74 661074.7820585176 660898.9913276476
7.75 665389.1309770104 665213.3055439023
7.76 669725.9320323926 669550.0777125668
7.77 674085.2728787878 673909.395216543
7.78 678467.2409404372 678291.3456646049
7.79 682871.9239289456 682696.0168916879
7.8 687299.4099895515 687123.4969591823
7.81 691749.7871786843 691573.8741552222
7.82 696223.1444670846 696047.2369949778
7.83 700719.5701567413 700543.6742209435
7.84 705239.1531870426 705063.2748032324
7.85 709781.9827533946 709606.1279398646
7.86 714348.1485632182 714172.3230570595
7.87 718937.7399634264 718761.9498095243
7.88 723550.8465830733 723375.0980807485
7.89 728187.55916928 728011.8579832913
7.9 732847.9671055373 732672.319859075
7.91 737532.1619278996 737356.5742796733
7.92 742240.2336833844 742064.712046605
7.93 746972.2736990596 746796.8241916226
7.94 751728.3731452448 751553.0019770047
7.95 756508.6234482753 756333.3368958445
7.96 761313.1163375125 761137.9206723442
7.97 766141.943699058 765966.8452621027
7.98 770995.1976541264 770820.2028524083
7.99 775872.9706948793 775698.085862528
8.0 780775.355496343 780600.586944
8.01 785702.4446603962 785527.7989809235
8.02 790654.3313479645 790479.81509025
8.03 795631.1091536045 795456.7286220735
8.04 800632.8712068954 800458.6331599222
8.05 805659.7116405427 805485.6225210498
8.06 810711.7246029255 810537.7907567229
8.07 815789.0037147325 815615.2321525167
8.08 820891.6440125386 820718.041228603
8.09 826019.7399111802 825846.3127400413
8.1 831173.3867032374 831000.1416770706
8.11 836352.6791483787 836179.623265399
8.12 841557.7131243466 841384.8529664956
8.13 846788.5841065845 846615.926477881
8.14 852045.3877429449 851872.9397334165
8.15 857328.2205747123 857155.9889035984
8.16 862637.1787826513 862465.170395846
8.17 867972.3590334373 867800.5808547938
8.18 873333.8580929984 873162.3171625816
8.19 878721.7733019867 878550.4764391459
8.2 884136.2015203752 883965.1560425098
8.21 889577.2407157791 889406.4535690771
8.22 895044.9885161972 894874.4668539156
8.23 900539.543228844 900369.2939710574
8.24 906061.0026907012 905891.033233784
8.25 911609.4657001046 911439.7831949178
8.26 917185.0309352145 917015.6426471143
8.27 922787.79743992 922618.7106231517
8.28 928417.8645663526 928249.0863962227
8.29 934075.3314681315 933906.8694802246
8.3 939760.2982131701 939592.1596300513
8.31 945472.8646133745 945305.0568418805
8.32 951213.1308411675 951045.6613534705
8.33 956981.1974451395 956814.0736444469
8.34 962777.1649947728 962610.3944365936
8.35 968601.1344932051 968434.7246941457
8.36 974453.2071943568 974287.1656240782
8.37 980333.4843207957 980167.818676398
8.38 986242.0679153627 986076.7855444357
8.39 992179.0593051227 992014.1681651317
8.4 998144.5611233055 997980.0687193346
8.41 1004138.6776906943 1003974.5896320859
8.42 1010161.5044409641 1009997.8335729133
8.43 1016213.1533437783 1016049.9034561219
8.44 1022293.7209508853 1022130.9024410835
8.45 1028403.3140020953 1028240.9339325286
8.46 1034542.0381922668 1034380.1015808382
8.47 1040709.9920062717 1040548.5092823302
8.48 1046907.2834378334 1046746.2611795558
8.49 1053134.0121734596 1052973.4616615882
8.5 1059390.2903866326 1059230.2153643125
8.51 1065676.2151515114 1065516.627170717
8.52 1071991.897962379 1071832.8022111852
8.53 1078337.439916407 1078178.8458637851
8.54 1084712.9488505775 1084554.8637545607
8.55 1091118.5273249757 1090960.9617578243
8.56 1097554.2873563294 1097397.245996442
8.57 1104020.3281086765 1103863.822842132
8.58 1110516.7658829733 1110360.7989157515
8.59 1117043.6948798255 1116888.281087587
8.6 1123601.2294148358 1123446.376477646
8.61 1130189.481295721 1130035.192455949
8.62 1136808.5476489027 1136654.8366428178
8.63 1143458.5437826545 1143305.4169091696
8.64 1150139.5781609174 1149987.0413768038
8.65 1156851.751985375 1156699.818418696
8.66 1163595.181765928 1163443.856659289
8.67 1170369.9729885098 1170219.264974781
8.68 1177176.2292580968 1177026.1524934198
8.69 1184014.0745036558 1183864.62859579
8.7 1190883.6016718878 1190734.8029151063
8.71 1197784.9299373056 1197636.7853375059
8.72 1204718.1739289376 1204570.6860023325
8.73 1211683.428213168 1211536.6153024356
8.74 1218680.8193834957 1218534.6838844568
8.75 1225710.451201676 1225565.002649121
8.76 1232772.4329153628 1232627.682751528
8.77 1239866.8836468132 1239722.835601443
8.78 1246993.9040229886 1246850.5728635867
8.79 1254153.613427372 1254011.006457928
8.8 1261346.1237199525 1261204.2485599748
8.81 1268571.5468129544 1268430.4116010591
8.82 1275829.9936781647 1275689.6082686372
8.83 1283121.5794670784 1282981.9515065744
8.84 1290446.4106583088 1290307.5545154372
8.85 1297804.609299889 1297666.530752784
8.86 1305196.2886624949 1305058.9939334574
8.87 1312621.5566875609 1312485.0580298721
8.88 1320080.527533961 1319944.8372723102
8.89 1327573.3229362685 1327438.4461492049
8.9 1335100.0550156706 1334965.999407439
8.91 1342660.831138984 1342527.612052633
8.92 1350255.7799895583 1350123.3993494336
8.93 1357885.003657267 1357753.4768218074
8.94 1365548.624973869 1365417.9602533309
8.95 1373246.7637931088 1373116.9656874805
8.96 1380979.5238244527 1380850.6094279261
8.97 1388747.0319749208 1388619.008038815
8.98 1396549.4049634286 1396422.2783450729
8.99 1404386.7578369959 1404260.5374326871
9.0 1412259.202612323 1412133.9026489998
9.01 1420166.8660397092 1420042.4916029994
9.02 1428109.8590386636 1427986.4221656104
9.03 1436088.2994775428 1435965.812469985
9.04 1444102.3103970808 1443980.7809117932
9.05 1452152.0089864193 1452031.446149516
9.06 1460237.5130094073 1460117.927104729
9.07 1468358.9424242496 1468240.3429624038
9.08 1476516.4164576838 1476398.813171192
9.09 1484710.057419013 1484593.4574437172
9.1 1492939.9801985445 1492824.3957568666
9.11 1501206.3036050238 1501091.7483520813
9.12 1509509.1573145152 1509395.6357356475
9.13 1517848.6533960197 1517736.178678989
9.14 1526224.9148380402 1526113.498218951
9.15 1534638.0694879775 1534527.7156581013
9.16 1543088.2251828595 1542978.952565014
9.17 1551575.5181818188 1551467.330774563
9.18 1560100.0661441954 1559992.9723882114
9.19 1568661.9868338618 1568555.9997743045
9.2 1577261.4025078444 1577156.5355683577
9.21 1585898.4413793185 1585794.7026733514
9.22 1594573.2242424195 1594470.6242600149
9.23 1603285.8800418035 1603184.423767126
9.24 1612036.5189655176 1611936.2249017956
9.25 1620825.2804075293 1620726.1516397614
9.26 1629652.2774294724 1629554.3282256778
9.27 1638517.6342215142 1638420.8791734062
9.28 1647421.488296766 1647325.9292663066
9.29 1656363.9490595672 1656269.6035575285
9.3 1665345.1522988398 1665252.0273703032
9.31 1674365.2171891278 1674273.3262982282
9.32 1683424.2775862117 1683333.6262055677
9.33 1692522.4488505821 1692433.0532275361
9.34 1701659.868077332 1701571.7337705928
9.35 1710836.6518286203 1710749.7945127303
9.36 1720052.9314002173 1719967.3624037667
9.37 1729308.8376698096 1729224.5646656367
9.38 1738604.4972309321 1738521.5287926826
9.39 1747940.0299895466 1747858.3825519402
9.4 1757315.5763322806 1757235.2539834385
9.41 1766731.2524555894 1766652.2714004847
9.42 1776187.1944096028 1776109.5633899556
9.43 1785683.524033435 1785607.258812589
9.44 1795220.3832810982 1795145.4868032767
9.45 1804797.8888714851 1804724.3767713502
9.46 1814416.175548578 1814344.0584008782
9.47 1824075.3728840225 1824004.661650949
9.48 1833775.607836981 1833706.3167559702
9.49 1843517.0160919519 1843449.1542259548
9.5 1853299.7258620644 1853233.3048468125
9.51 1863123.8737722156 1863058.8996806405
9.52 1872989.5823928858 1872926.0700660155
9.53 1882896.985736682 1882834.9476182833
9.54 1892846.2141065765 1892785.6642298503
9.55 1902837.405903879 1902778.352070475
9.56 1912870.6922674922 1912813.1435875539
9.57 1922946.2000522374 1922890.1715064219
9.58 1933064.0675548515 1933009.568830634
9.59 1943224.421525613 1943171.468842262
9.6 1953427.4054859076 1953376.0051021818
9.61 1963673.1470219325 1963623.3114503664
9.62 1973961.7827063724 1973913.5220061755
9.63 1984293.4392894562 1984246.7711686483
9.64 1994668.265256006 1994623.1936167884
9.65 2005086.384430528 2005042.924309864
9.66 2015547.9299373154 2015506.0984876913
9.67 2026053.050365719 2026012.8516709288
9.68 2036601.8725705473 2036563.3196613672
9.69 2047194.528578887 2047157.6385422198
9.7 2057831.16739811 2057795.944678414
9.71 2068511.9122779656 2068478.3747168835
9.72 2079236.9089341834 2079205.065586853
9.73 2090006.2933124355 2089976.1545001385
9.74 2100820.197962375 2100791.7789514307
9.75 2111678.7653605 2111652.0767185893
9.76 2122582.1289446084 2122557.1858629338
9.77 2133530.4328631256 2133507.244729532
9.78 2144523.813740861 2144502.391947492
9.79 2155562.409926871 2155542.7664302555
9.8 2166646.3605538295 2166628.507375887
9.81 2177775.8030825513 2177759.754267358
9.82 2188950.882236172 2188936.646872852
9.83 2200171.728996859 2200159.3252460426
9.84 2211438.4960292587 2211427.9297263906
9.85 2222751.312225708 2222742.6009394336
9.86 2234110.324399171 2234103.4797970764
9.87 2245515.6786311306 2245510.7074978813
9.88 2256967.50506792 2256964.4255273626
9.89 2268465.953239301 2268464.7756582685
9.9 2280011.163375123 2280011.8999508834
9.91 2291603.277377213 2291605.9407533114
9.92 2303242.4356322014 2303247.040701769
9.93 2314928.7871995727 2314935.342720878
9.94 2326662.46891328 2326670.9900239506
9.95 2338443.6237199535 2338454.1261132867
9.96 2350272.404231994 2350284.8947804645
9.97 2362148.9463427505 2362163.4401066205
9.98 2374073.398171387 2374089.906462757
9.99 2386045.9008882106 2386064.438510021
10.0 2398066.6022465974 2398087.1812
10.01 2410135.6456112848 2410158.2797750104
10.02 2422253.180146291 2422277.87976839
10.03 2434419.345506801 2434446.1270047897
10.04 2446634.294514099 2446663.167600461
10.05 2458898.1685997895 2458929.147963552
10.06 2471211.1145245507 2471244.2147943876
10.07 2483573.284796225 2483608.5150857763
10.08 2495984.8181295684 2496022.196123288
10.09 2508445.8718913463 2508485.4054855513
10.1 2520956.586259135 2520998.291044542
10.11 2533517.1088296757 2533561.000965874
10.12 2546127.5966039686 2546173.6837090906
10.13 2558788.1904388713 2558836.4880279577
10.14 2571499.0399163966 2571549.5629707463
10.15 2584260.2983280984 2584313.057880534
10.16 2597072.109874606 2597127.1223954903
10.17 2609934.6308255 2609991.9064491694
10.18 2622848.0068442975 2622907.5602707965
10.19 2635812.3921107864 2635874.234385566
10.2 2648827.931609212 2648892.079614925
10.21 2661894.782497375 2661961.2470768727
10.22 2675013.092946702 2675081.888186238
10.23 2688183.0121734487 2688254.1546549834
10.24 2701404.6999477497 2701478.198492492
10.25 2714678.3015673864 2714754.172005855
10.26 2728003.9722048114 2728082.2278001662
10.27 2741381.8638453656 2741462.5187788093
10.28 2754812.128892375 2754895.198143753
10.29 2768294.9229885284 2768380.4193958393
10.3 2781830.401671919 2781918.3363350756
10.31 2795418.7124869297 2795509.1030609193
10.32 2809060.015308247 2809152.87397258
10.33 2822754.4653605106 2822849.803769303
10.34 2836502.2120689587 2836600.0474506607
10.35 2850303.415256031 2850403.760316845
10.36 2864158.2304597595 2864261.0979689565
10.37 2878066.810658301 2878172.2163092964
10.38 2892029.314629044 2892137.2715416607
10.39 2906045.899895533 2906156.4201716194
10.4 2920116.717084637 2920229.8190068225
10.41 2934241.931138993 2934357.625157282
10.42 2948421.695141068 2948539.996035665
10.43 2962656.167084644 2962777.089357582
10.44 2976945.504493197 2977069.0631418824
10.45 2991289.8673458896 2991416.0757109416
10.46 3005689.4117032667 3005818.2856909554
10.47 3020144.3005746985 3020275.8520122212
10.48 3034654.689498431 3034788.9339094437
10.49 3049220.7398118977 3049357.690922016
10.5 3063842.6092476486 3063982.2828943124
10.51 3078520.4614942647 3078662.869975979
10.52 3093254.454075248 3093399.6126222247
10.53 3108044.747753381 3108192.6715941145
10.54 3122891.5049111685 3123042.207958856
10.55 3137794.886154677 3137948.3830900965
10.56 3152755.054231958 3152911.3586681993
10.57 3167772.1696969788 3167931.296680556
10.58 3182846.3939916682 3183008.3594218637
10.59 3197977.8917973093 3198142.7094944157
10.6 3213166.825809815 3213334.5098083974
10.61 3228413.3595088935 3228583.9235821743
10.62 3243717.6536572753 3243891.1143425847
10.63 3259079.8748694016 3259256.245925228
10.64 3274500.1850574776 3274679.4824747546
10.65 3289978.7510971627 3290160.988445162
10.66 3305515.7365726116 3305700.928600082
10.67 3321111.305067903 3321299.468013074
10.68 3336765.6234064843 3336956.7720679096
10.69 3352478.859874621 3352673.0064588725
10.7 3368251.1753396136 3368448.3371910416
10.71 3384082.7398119015 3384282.9305805885
10.72 3399973.7159352154 3400176.9532550573
10.73 3415924.275600819 3416130.5721536702
10.74 3431934.582915354 3432143.95452761
10.75 3448004.806112837 3448217.2679403084
10.76 3464135.1135841245 3464350.6802677447
10.77 3480325.6731452583 3480544.3596987296
10.78 3496576.6531870603 3496798.474735201
10.79 3512888.220898645 3513113.19419251
10.8 3529260.5485893223 3529488.6871997193
10.81 3545693.8026645575 3545925.1231998806
10.82 3562188.1561128744 3562422.6719503417
10.83 3578743.7753395815 3578981.5035230285
10.84 3595360.8338035424 3595601.788304733
10.85 3612039.49853708 3612283.696997413
10.86 3628779.9458725327 3629027.400618476
10.87 3645582.342528734 3645833.070501072
10.88 3662446.861546511 3662700.8782943864
10.89 3679373.6737199733 3679630.995963923
10.9 3696362.9545454676 3696623.5957918074
10.91 3713414.873093017 3713678.850377068
10.92 3730529.6035527745 3730796.932635932
10.93 3747707.3207418844 3747978.0158021124
10.94 3764948.1952978144 3765222.2734271022
10.95 3782252.4032393154 3782529.879380463
10.96 3799620.1190177747 3799901.0078501203
10.97 3817051.514733525 3817335.83334264
10.98 3834546.7673458527 3834834.5306835403
10.99 3852106.0509926667 3852397.27501757
11.0 3869729.541588279 3870024.241809
11.01 3887417.412486963 3887715.6068419158
11.02 3905169.844461856 3905471.5462205093
11.03 3922987.008934151 3923292.236369368
11.04 3940869.08599791 3941177.8540337654
11.05 3958816.2533437684 3959128.5762799582
11.06 3976828.684012558 3977144.580495459
11.07 3994906.5606582942 3995226.0443893536
11.08 4013050.0583594427 4013373.145992571
11.09 4031259.3552769073 4031586.063658185
11.1 4049534.6308777602 4049864.9760616985
11.11 4067876.0640543243 4068210.062201338
11.12 4086283.8354754318 4086621.501398345
11.13 4104758.121525616 4105099.473297268
11.14 4123299.1040752437 4123644.1578662423
11.15 4141906.9646290545 4142255.735397297
11.16 4160581.881400227 4160934.386506636
11.17 4179324.0380355087 4179680.292134933
11.18 4198133.612016728 4198493.633547617
11.19 4217010.788035498 4217374.592335169
11.2 4235955.748484831 4236323.350413413
11.21 4254968.671577872 4255340.090023801
11.22 4274049.744566341 4274424.993733703
11.23 4293199.146656241 4293578.24443671
11.24 4312417.061964458 4312800.025352914
11.25 4331703.674399187 4332090.520029199
11.26 4351059.169070037 4351449.912339539
11.27 4370483.729937303 4370878.386485281
11.28 4389977.538505725 4390376.126995442
11.29 4409540.781922646 4409943.318726997
11.3 4429173.6469697235 4429580.146865168
11.31 4448876.315255983 4449286.796923713
11.32 4469194.151410685 4469063.4547452275
11.33 4489040.363688611 4488910.306501428
11.34 4508956.955224669 4508827.538693437
11.35 4528944.111598758 4528815.338152089
11.36 4549002.020219419 4548873.892038207
11.37 4569130.869122264 4569003.387842897
11.38 4589330.846238234 4589204.01338785
11.39 4609602.137983305 4609475.95682561
11.4 4629944.934117053 4629819.406639887
11.41 4650359.422466055 4650234.551645839
11.42 4670845.793103418 4670721.580990361
11.43 4691404.237408558 4691280.68415238
11.44 4712034.942319759 4711912.050943141
11.45 4732738.096603983 4732615.871506502
11.46 4753513.895141076 4753392.336319229
11.47 4774362.527429454 4774241.636191267
11.48 4795284.182706393 4795163.962266056
11.49 4816279.053814001 4816159.506020812
11.5 4837347.333281072 4837228.459266812
11.51 4858489.210762812 4858371.014149692
11.52 4879704.881452462 4879587.363149733
11.53 4900994.537408559 4900877.699082159
11.54 4922358.369540232 4922242.215097418
11.55 4943796.575548599 4943681.104681487
11.56 4965309.347753386 4965194.561656138
11.57 4986896.877168238 4986782.780179257
11.58 5008559.36138975 5008445.954745121
11.59 5030296.994566354 5030184.280184688
11.6 5052109.972413791 5051997.951665893
11.61 5073998.490229883 5073887.164693933
11.62 5095962.745350051 5095852.115111564
11.63 5118002.929519335 5117892.99909939
11.64 5140119.243834899 5140010.01317614
11.65 5162311.882131654 5162203.354198989
11.66 5184581.043364679 5184473.219363823
11.67 5206926.923772205 5206819.806205536
11.68 5229349.722622795 5229243.312598328
11.69 5251849.637931049 5251743.936755988
11.7 5274426.867293614 5274321.877232188
11.71 5297081.61097179 5296977.3329207795
11.72 5319814.067345869 5319710.503056064
11.73 5342624.436102417 5342521.587213112
11.74 5365512.917136893 5365410.785308032
11.75 5388479.711076298 5388378.297598277
11.76 5411525.018495302 5411424.32468292
11.77 5434649.039864157 5434549.067502956
11.78 5457851.976907009 5457752.727341591
11.79 5481134.031086733 5481035.5058245305
11.8 5504495.403657264 5504397.604920273
11.81 5527936.298693804 5527839.226940386
11.82 5551456.918861036 5551360.574539827
11.83 5575057.465465016 5574961.85071721
11.84 5598738.142110774 5598643.258815103
11.85 5622499.153291552 5622405.002520323
11.86 5646340.702455604 5646247.285864216
11.87 5670262.995559044 5670170.313222963
11.88 5694266.235945668 5694174.289317862
11.89 5718350.628683395 5718259.419215609
11.9 5742516.379153599 5742425.908328611
11.91 5766763.69352144 5766673.962415264
11.92 5791092.777742922 5791003.787580241
11.93 5815503.8380355 5815415.590274793
11.94 5839997.082967616 5839909.577297027
11.95 5864572.717241389 5864485.955792209
11.96 5889230.949791026 5889144.933253052
11.97 5913971.988140027 5913886.717519991
11.98 5938796.039446191 5938711.516781502
11.99 5963703.314524522 5963619.5395743735
12.0 5988694.020741907 5988610.994783999
12.01 6013768.3682862995 6013686.0916446755
12.02 6038926.565412759 6038845.039739887
12.03 6064168.822466006 6064088.049002599
12.04 6089495.350522439 6089415.329715546
12.05 6114906.360397057 6114827.092511534
12.06 6140402.062068969 6140323.548373704
12.07 6165982.667607121 6165904.908635856
12.08 6191648.388087773 6191571.384982722
12.09 6217399.436050158 6217323.1894502565
12.1 6243236.02445141 6243160.534425934
12.11 6269158.365308238 6269083.632649032
12.12 6295166.671891348 6295092.69721093
12.13 6321261.156739834 6321187.9415554
12.14 6347442.034743996 6347369.57947888
12.15 6373709.520480668 6373637.82513079
12.16 6400063.828631113 6399992.893013811
12.17 6426505.1724660555 6426434.997984173
12.18 6453033.767554841 6452964.355251953
12.19 6479649.830511992 6479581.180381357
12.2 6506353.577742962 6506285.68929102
12.21 6533145.222884017 6533078.098254297
12.22 6560024.985736682 6559958.623899533
12.23 6586993.0813479815 6586927.483210385
12.24 6614049.728369911 6613984.8935261
12.25 6641195.142110773 6641131.072541793
12.26 6668429.543312443 6668366.238308757
12.27 6695753.149947766 6695690.609234745
12.28 6723166.18077326 6723104.404084257
12.29 6750668.852925789 6750607.8419788405
12.3 6778261.388714728 6778201.142397381
12.31 6805944.006896551 6805884.525176369
12.32 6833716.927011492 6833658.210510231
12.33 6861580.370794134 6861522.418951588
12.34 6889534.556165113 6889477.371411563
12.35 6917579.70945664 6917523.289160063
12.36 6945716.047544425 6945660.393826077
12.37 6973943.7966561895 6973888.907397958
12.38 7002263.178108688 7002209.052223731
12.39 7030674.411076267 7030621.051011349
12.4 7059177.721682353 7059125.126829031
12.41 7087773.3330720775 7087721.503105515
12.42 7116461.470114949 7116410.403630366
12.43 7145242.353030277 7145192.052554263
12.44 7174116.212486948 7174066.674389292
12.45 7203083.268547529 7203034.494009234
12.46 7232143.745611279 7232095.73664986
12.47 7261297.877272706 7261250.627909206
12.48 7290545.880250763 7290499.3937478885
12.49 7319887.984535004 7319842.260489384
12.5 7349324.416980134 7349279.454820312
12.51 7378855.405224641 7378811.203790739
12.52 7408481.176593529 7408437.734814461
12.53 7438201.955851625 7438159.275669296
12.54 7468017.977011505 7467976.054497378
12.55 7497929.462382451 7497888.299805449
12.56 7527936.643991655 7527896.240465129
12.57 7558039.752664571 7558000.105713242
12.58 7588239.0165621815 7588200.125152084
12.59 7618534.663793111 7618496.528749721
12.6 7648926.92727271 7648889.546840268
12.61 7679416.036415897 7679379.410124202
12.62 7710002.222831771 7709966.349668635
12.63 7740685.718338558 7740650.596907612
12.64 7771466.7519853655 7771432.383642388
12.65 7802345.560553836 7802311.942041746
12.66 7833322.37486936 7833289.504642271
12.67 7864397.425339579 7864365.304348635
12.68 7895570.946238232 7895539.574433901
12.69 7926843.177063752 7926812.548539805
12.7 7958214.342110753 7958184.460677056
12.71 7989684.684900739 7989655.545225619
12.72 8021254.433437808 8021226.036934996
12.73 8052923.825391836 8052896.1709245425
12.74 8084693.097283204 8084666.182683742
12.75 8116562.484848486 8116536.308072495
12.76 8148532.221943572 8148506.78332142
12.77 8180602.546029287 8180577.845032132
12.78 8212773.698171371 8212749.730177548
12.79 8245045.911076259 8245022.676102158
12.8 8277419.423981169 8277396.920522344
12.81 8309894.474973883 8309872.701526633
12.82 8342471.302246589 8342450.257576027
12.83 8375150.1439394 8375129.82750427
12.84 8407931.24237198 8407911.650518144
12.85 8440814.835423183 8440795.966197763
12.86 8473801.161285272 8473783.014496857
12.87 8506890.462486934 8506873.035743074
12.88 8540082.980929995 8540066.270638268
12.89 8573378.952351091 8573362.960258765
12.9 8606778.625130635 8606763.346055696
12.91 8640282.235632172 8640267.66985526
12.92 8673890.029467115 8673876.173859019
12.93 8707602.24608149 8707589.1006442
12.94 8741419.134064805 8741406.693163965
12.95 8775340.931034463 8775329.194747727
12.96 8809367.883176569 8809356.84910142
12.97 8843500.23422151 8843489.900307799
12.98 8877738.22842214 8877728.592826724
12.99 8912082.11206899 8912073.171495473
13.0 8946532.12810869 8946523.881529
13.01 8981088.524712665 8981080.96852025
13.02 9015751.543416955 9015744.678440444
13.03 9050521.437460788 9050515.257639363
13.04 9085398.447962355 9085392.952845644
13.05 9120382.826698016 9120378.01116708
13.06 9155474.816771168 9155470.68009088
13.07 9190674.666509934 9190671.207484005
13.08 9225982.628317675 9225979.84159342
13.09 9261398.944357336 9261396.831046408
13.1 9296923.870794138 9296922.424850848
13.11 9332557.651828634 9332556.872395517
13.12 9368300.54033441 9368300.423450366
13.13 9404152.785997903 9404153.328166833
13.14 9440114.63704285 9440115.837078096
13.15 9476186.345924778 9476188.201099413
13.16 9512368.165987454 9512370.671528373
13.17 9548660.345088834 9548663.50004521
13.18 9585063.139080454 9585066.938713083
13.19 9621576.799843261 9621581.239978366
13.2 9658201.576071085 9658206.656670947
13.21 9694937.726489004 9694943.442004517
13.22 9731785.501410674 9731791.849576844
13.23 9768745.154127484 9768752.13337009
13.24 9805816.942528704 9805824.54775109
13.25 9843001.120637417 9843009.347471636
13.26 9880297.939759623 9880306.78766878
13.27 9917707.659874614 9917717.123865115
13.28 9955230.535997935 9955240.611969072
13.29 9992866.824033462 9992877.50827521
13.3 10030616.84691745 10030628.069464512
13.31 10068480.739289446 10068492.55260465
13.32 10106458.809299896 10106471.21515031
13.33 10144551.137931034 10144564.314943466
13.34 10182758.406478578 10182772.110213676
13.35 10221080.612852665 10221094.859578365
13.36 10259518.019331243 10259532.822043126
13.37 10298070.892894462 10298086.257002
13.38 10336739.39446186 10336755.424237784
13.39 10375524.037617555 10375540.583922284
13.4 10414424.9169279 10414441.996616656
13.41 10453442.132183908 10453459.92327167
13.42 10492576.31400209 10492594.625227995
13.43 10531827.539707419 10531846.36421651
13.44 10571196.043364681 10571215.402358577
13.45 10610682.06060606 10610702.002166335
13.46 10650286.017763846 10650306.426543007
13.47 10690007.993730407 10690028.938783156
13.48 10729848.19122257 10729869.80257302
13.49 10769807.136363637 10769829.281990768
13.5 10809885.053291537 10809907.641506812
13.51 10850082.048066875 10850105.145984082
13.52 10890398.417450367 10890422.060678327
13.53 10930834.512539186 10930858.651238408
13.54 10971390.545454545 10971415.183706574
13.55 11012066.85109718 11012091.924518779
13.56 11052863.495297806 11052889.140504932
13.57 11093781.021421108 11093807.098889232
13.58 11134819.436259143 11134846.067290435
13.59 11175979.137408568 11176006.31372215
13.6 11217260.532392895 11217288.106593125
13.61 11258663.757575758 11258691.714707544
13.62 11300188.951933125 11300217.407265317
13.63 11341836.469174504 11341865.453862377
13.64 11383606.78892372 11383636.124490935
13.65 11425499.873040752 11425529.689539835
13.66 11467516.065308254 11467546.419794789
13.67 11509655.887147335 11509686.586438691
13.68 11551919.18861024 11551950.46105191
13.69 11594306.776907 11594338.315612568
13.7 11636818.336990595 11636850.422496842
13.71 11679454.598746082 11679487.054479266
13.72 11722215.627481714 11722248.48473297
13.73 11765101.787878787 11765134.98683004
13.74 11808113.082027169 11808146.834741775
13.75 11851250.139498433 11851284.302838964
13.76 11894513.113375131 11894547.665892204
13.77 11937902.28892372 11937937.199072178
13.78 11981417.993730407 11981453.177949945
13.79 12025060.196969697 12025095.878497232
13.8 12068829.630094044 12068865.577086736
13.81 12112726.14263323 12112762.550492385
13.82 12156750.3615465 12156787.075889662
13.83 12200902.372518286 12200939.430855887
13.84 12245182.512539186 12245219.89337049
13.85 12289591.048066875 12289628.74181533
13.86 12334128.144200627 12334166.254974958
13.87 12378794.314524556 12378832.712036928
13.88 12423589.79832811 12423628.392592086
13.89 12468514.612852665 12468553.576634832
13.9 12513569.189655172 12513608.544563461
13.91 12558754.037095089 12558793.577180412
13.92 12604069.065308254 12604108.955692584
13.93 12649514.874085685 12649554.961711608
13.94 12695091.43678161 12695131.877254155
13.95 12740799.229885057 12740839.984742211
13.96 12786638.64785789 12786679.567003388
13.97 12832609.787878787 12832650.907271175
13.98 12878712.898119122 12878754.289185286
13.99 12924948.240334379 12924989.996791905
14.0 12971316.362068966 12971358.314543998
14.01 13017817.34430512 13017859.5273016
14.02 13064451.549634274 13064493.9203321
14.03 13111219.130094044 13111261.779310538
14.04 13158120.635318704 13158163.390319897
14.05 13205156.05799373 13205199.039851397
14.06 13252325.909090908 13252369.014804753
14.07 13299630.18861024 13299673.602488516
14.08 13347069.576280043 13347113.090620343
14.09 13394644.06478579 13394687.767327275
14.1 13442354.063740857 13442397.921146045
14.11 13490199.908568444 13490243.84102335
14.12 13538181.76384535 13538225.816316174
14.13 13586299.929467084 13586344.136792047
14.14 13634554.782654127 13634599.092629338
14.15 13682946.448798329 13682990.974417567
14.16 13731475.437304076 13731520.073157685
14.17 13780142.004702194 13780186.680262364
14.18 13828946.206374086 13828991.087556288
14.19 13877888.770114943 13877933.587276438
14.2 13926969.485893417 13927014.472072395
14.21 13976189.031870428 13976234.03500663
14.22 14025547.455067921 14025592.569554761
14.23 14075045.15047022 14075090.369605906
14.24 14124682.529780565 14124727.729462927
14.25 14174459.793103449 14174504.94384273
14.26 14224377.056948798 14224422.307876566
14.27 14274434.908568444 14274480.117110316
14.28 14324633.370428422 14324678.667504773
14.29 14374973.0276907 14375018.255435947
14.3 14425453.967607105 14425499.177695366
14.31 14476076.478056427 14476121.73149031
14.32 14526841.036050158 14526886.214444181
14.33 14577747.822361546 14577792.92459674
14.34 14628797.051724138 14628842.16040442
14.35 14679989.090909092 14680034.220740601
14.36 14731324.384535005 14731369.404895918
14.37 14782803.06844305 14782848.012578547
14.38 14834425.498432603 14834470.343914486
14.39 14886192.001044933 14886236.699447846
14.4 14938102.815047022 14938147.38014116
14.41 14990158.100835945 14990202.687375663
14.42 15042358.521421108 15042402.922951574
14.43 15094704.079937303 15094748.389088403
14.44 15147195.209508883 15147239.388425231
14.45 15199832.19905956 15199876.224021006
14.46 15252615.380355276 15252659.199354831
14.47 15305545.032915361 15305588.618326241
14.48 15358621.315047022 15358664.785255533
14.49 15411844.828631138 15411888.00488401
14.5 15465215.542319749 15465258.582374312
14.51 15518734.036050158 15518776.823310679
14.52 15572400.426854754 15572443.033699254
14.53 15626215.101358412 15626257.51996837
14.54 15680178.470219435 15680220.588968847
14.55 15734290.777429467 15734332.547974281
14.56 15788552.080982236 15788593.704681309
14.57 15842963.061650993 15843004.367209949
14.58 15897523.893416928 15897564.844103852
14.59 15952234.810344828 15952275.44433062
14.6 16007096.066875653 16007136.47728206
14.61 16062108.127481714 16062148.252774514
14.62 16117271.317659352 16117311.08104913
14.63 16172585.941483803 16172625.27277216
14.64 16228052.079414839 16228091.139035225
14.65 16283670.297805643 16283708.991355652
14.66 16339440.921107627 16339479.141676733
14.67 16395364.045454545 16395401.902368026
14.68 16451440.079414839 16451477.586225633
14.69 16507669.432079416 16507706.506472511
14.7 16564052.312957158 16564088.97675875
14.71 16620589.079414839 16620625.311161876
14.72 16677280.066353187 16677315.824187107
14.73 16734125.549634274 16734160.830767691
14.74 16791125.89968652 16791160.646265175
14.75 16848281.216300942 16848315.586469684
14.76 16905592.09665622 16905625.96760023
14.77 16963058.859456636 16963092.10630501
14.78 17020681.53709509 17020714.319661666
14.79 17078460.757575758 17078492.925177593
14.8 17136396.54754441 17136428.240790248
14.81 17194489.4430512 17194520.584867395
14.82 17252739.793625914 17252770.276207455
14.83 17311147.734587252 17311177.63403974
14.84 17369713.6368861 17369742.97802479
14.85 17428437.92998955 17428466.62825463
14.86 17487320.840647858 17487348.905253083
14.87 17546362.692789968 17546390.129976045
14.88 17605563.850052245 17605590.623811796
14.89 17664924.53709509 17664950.70858125
14.9 17724445.166666668 17724470.706538305
14.91 17784126.09352142 17784150.940370083
14.92 17843967.69122257 17843991.733197253
14.93 17903970.054858934 17903993.408574305
14.94 17964133.706374086 17964156.290489838
14.95 18024458.866248693 18024480.703366864
14.96 18084945.89550679 18084966.97206311
14.97 18145595.063740857 18145615.421871245
14.98 18206406.86572623 18206426.378519263
14.99 18267381.388192266 18267400.168170713
15.0 18328519.11755486 18328537.117425
