0.0 0.0 0.0
0.01 0.010212207642911158 0.010811493084885
0.02 0.020860119180031313 0.0231296881796
0.03 0.031961165676255315 0.036780423942765005
0.04 0.04353346433769688 0.05159012515968
0.05 0.055595846978409684 0.06738609390312501
0.06 0.06816788979456222 0.08399680069415999
0.07 0.08126994451244451 0.10125217566292499
0.08 0.09492317097976521 0.11898389970944
0.09 0.10914957127277504 0.137025695664405
0.1 0.12397202539483305 0.15521361945
0.11 0.13941432864510997 0.173386351240685
0.12 0.15550123073920324 0.19138548662399998
0.13 0.17225847676651573 0.20905582776136503
0.14 0.18971285007233057 0.22624567454887998
0.15 0.20789221715559367 0.24280711577812497
0.16 0.2268255746764926 0.25859632029696006
0.17 0.24654309867100185 0.273473828170325
0.18 0.2670761960726423 0.28730484184104005
0.19 0.28845755864478245 0.299959517290605
0.2 0.31072121942988623 0.3113132552
0.21 0.333902611825194 0.3212469921104849
0.22 0.35803863139740066 0.32964749158439993
0.23 0.38316770055197347 0.33640763536596496
0.24 0.4093298361758325 0.34142671454207996
0.25 0.4365667203751947 0.344610720703125
0.26 0.464921774433462 0.3458726371037601
0.27 0.49444023611711324 0.34513272982372506
0.28 0.5251692404606376 0.3423188389286399
0.29 0.557157904164628 0.33736666963080514
0.3 0.5904574137442297 0.33022008345000003
0.31 0.6251211175682202 0.3208313893742851
0.32 0.6612046219320767 0.30916163502079985
0.33 0.6987658913114606 0.295180897796565
0.34 0.7378653529456362 0.27886857605928006
0.35 0.7785660059034125 0.26021368027812497
0.36 0.8209335347872803 0.23921512419456015
0.37 0.8650364282344907 0.21588201598312506
0.38 0.9109461023769134 0.19023394941223984
0.39 0.958737029424566 0.1623012950050048
0.4 1.0084868715408208 0.13212549119999983
0.41 1.060276620180339 0.09975933551208493
0.42 1.1141907410638856 0.06526727569319979
0.43 1.1703173249672463 0.028725700893164563
0.44 1.2287482445045506 -0.00977676717952014
0.45 1.289579317089382 -0.0501389830968752
0.46 1.3529104742601346 -0.09224698655064018
0.47 1.418845937559162 -0.13597371119147494
0.48 1.4874944011583329 -0.1811786934681595
0.49 1.558969221426689 -0.2277077814667946
0.5 1.6333886136389903 -0.27539284375000006
0.51 1.7108758560269997 -0.32405147819611535
0.52 1.7915595013784356 -0.3734867208383995
0.53 1.875573596391624 -0.42348675470423425
0.54 1.963057908996923 -0.4738246186543196
0.55 2.0541581638591073 -0.5242579162218757
0.56 2.149026286277956 -0.574528524451841
0.57 2.24782065470738 -0.6243623027400746
0.58 2.350706362116491 -0.6734688016725592
0.59 2.4578554864191067 -0.7215409718645953
0.6 2.569447370201259 -0.7682548727999994
0.61 2.6856689099793467 -0.8132693816703154
0.62 2.8067148552246692 -0.8562259022139993
0.63 2.9327881173931325 -0.8967480735556359
0.64 3.0641000892020185 -0.9344414790451201
0.65 3.2008709743987795 -0.9688933550968741
0.66 3.343330128269908 -0.9996723000290397
0.67 3.491716409140971 -1.0263279829026755
0.68 3.6462785411220655 -1.04839085236096
0.69 3.8072754883559052 -1.0653718454683947
0.7 3.9749768410289623 -1.0767620965499995
0.71 4.149663213409041 -1.0820326460305143
0.72 4.331626654175854 -1.0806341492736005
0.73 4.521171069314153 -1.0719965854210347
0.74 4.718612657842114 -1.05552896623192
0.75 4.92428036065072 -1.0306190449218757
0.76 5.138516322732972 -0.9966330250022404
0.77 5.361676369084841 -0.9529152691192762
0.78 5.5941304945629655 -0.8987880078933594
0.79 5.8362633679871285 -0.8335510487581939
0.8 6.088474850778701 -0.756481484800001
0.81 6.351180530429264 -0.6668334035967121
0.82 6.6248122690966875 -0.5638375960572013
0.83 6.909818767629133 -0.44670126526043674
0.84 7.206666145320315 -0.31460773529472164
0.85 7.5158385357026996 -0.16671616009687362
0.86 7.837838698688178 -0.0021612322914439375
0.87 8.173188649368939 0.17994710797012736
0.88 8.522430303794328 0.3805239641702407
0.89 8.88612614204254 0.6005097745860031
0.9 9.264859888909102 0.84087060345
0.91 9.659237212537143 1.102598432111085
0.92 10.06988644131755 1.386711450195202
0.93 10.497459299390218 1.6942543467661686
0.94 10.942631661080597 2.026298601486479
0.95 11.40610432460892 2.38394277577812
0.96 11.88860380541246 2.7683128039833598
0.97 12.390883149424413 3.180562284525525
0.98 12.913722766655848 3.6218727710698424
0.99 13.457931285430483 4.093454063684202
1.0 14.024346427624966 4.5965445
1.01 14.613835905270442 5.1324112463728895
1.02 15.227298338874387 5.702350589043597
1.03 15.86566419782455 6.307688225298765
1.04 16.52989676324016 6.949779554631686
1.05 17.220993113638446 7.630009969903135
1.06 17.93998513378773 8.34979514850217
1.07 18.6879405471213 9.110581343506926
1.08 19.465963972089536 9.913845674845454
1.09 20.275198002830596 10.761096420456415
1.1 21.11682431454331 11.653873307450002
1.11 21.99206479394878 12.593747803268702
1.12 22.902182695230405 13.582323406848008
1.13 23.84848382184509 14.62123593977735
1.14 24.832317734601556 15.712153837460868
1.15 25.85507898640438 16.856778440278116
1.16 26.918208384066137 18.056844284744955
1.17 28.02319427759249 19.314119394674314
1.18 29.171573877348393 20.630405572337033
1.19 30.364934599516683 22.007538689622592
1.2 31.604915440263404 23.447388979199992
1.21 32.89320837902714 24.95186132567848
1.22 34.231559811352945 26.52289555676839
1.23 35.621772011694304 28.16246673444197
1.24 37.0657046266099 29.872585446094078
1.25 38.5652761987847 31.655298095703124
1.26 40.12246572230835 33.512687194991756
1.27 41.739314229646496 35.44687165458773
1.28 43.41792641074428 37.460007075184656
1.29 45.16047226470374 39.554286038702806
1.3 46.969188784480444 41.73193839945002
1.31 48.84638167504727 43.9952315752823
1.32 50.79442710547695 46.34647083876483
1.33 52.815773495397394 48.78799960833258
1.34 54.91294333627735 51.3221997394513
1.35 57.088535048002946 53.95149181577816
1.36 59.34522487120849 56.678335440322584
1.37 61.68576879582848 59.50522952660717
1.38 64.11300452634018 62.43471258982821
1.39 66.62985348417014 65.46936303801697
1.4 69.2393228477397 68.61179946319997
1.41 71.94450763062925 71.86468093256005
1.42 74.7485927983431 75.2307072795972
1.43 77.65485542415958 78.71261939528914
1.44 80.66666688455535 82.31319951925246
1.45 83.78749509469463 86.03527153090312
1.46 87.02090678447782 89.88170124061736
1.47 90.37056981564734 93.85539668089251
1.48 93.84025554045064 97.95930839750783
1.49 97.43384120236439 102.19642974068522
1.5 101.15531237938634 106.56979715624999
1.51 105.00876547040463 111.0824904767919
1.52 108.99841022515758 115.73763321282561
1.53 113.12857231829963 120.5383928439518
1.54 117.40369596809239 125.48798111001767
1.55 121.82834660024325 130.58965430227812
1.56 126.40721355741624 135.8467135545562
1.57 131.14511285494373 141.26250513440397
1.58 136.04698998327018 146.8404207342635
1.59 141.11792275766214 152.58389776262743
1.6 146.36312421572222 158.49641963520006
1.61 151.78794556324755 164.58151606605776
1.62 157.3978791689761 170.8427633588101
1.63 163.1985616087679 177.2837846977603
1.64 169.19577675977138 183.9082504390668
1.65 175.3954589451256 190.7198784019031
1.66 181.8036961297575 197.7224341596189
1.67 188.42673316783055 204.9197313309013
1.68 195.2709751024084 212.31563187093502
1.69 202.3429905178979 219.9140463625636
1.7 209.6495149458401 227.71893430744996
1.71 217.19745432462065 235.73430441723747
1.72 224.99388851367382 243.96421490471033
1.73 233.04607486275773 252.41277377495493
1.74 241.36145183688132 261.0841391165201
1.75 249.94764269746676 269.9825193925782
1.76 258.812459240334 279.1121737320858
1.77 267.9639055910977 288.47741222094476
1.78 277.41018205856795 298.08259619316266
1.79 287.1596890467533 307.9321385220138
1.8 297.2210310260624 318.03050391120007
1.81 307.6030205643086 328.3822091860113
1.82 318.31468241812115 338.99182358448695
1.83 329.3652576853722 349.86396904857565
1.84 340.7642080192308 361.0033205152974
1.85 352.521219904458 372.41460620790326
1.86 364.6462089965608 384.10260792703673
1.87 377.14932452442594 396.07216134189423
1.88 390.04095375705634 408.3281562813861
1.89 403.33172653503857 420.87553702529783
1.9 417.0325198673677 433.7193025954499
1.91 431.15446259426744 446.86450704685905
1.92 445.7089401166378 460.31625975889915
1.93 460.7075991927702 474.07972572646213
1.94 476.1623528029734 488.16012585111844
1.95 492.08538508275353 502.5627372322781
1.96 508.4891563251986 517.2928934583514
1.97 525.3864080532171 532.3559848979096
1.98 542.7901681622866 547.7574589908457
1.99 560.7137561343684 563.5028205395363
2.0 579.1707883236506 579.597632
2.01 598.1751833147819 596.0475137730605
2.02 617.7411673542647 612.8581444955078
2.03 637.883279855671 630.0352613312546
2.04 658.6163789793698 647.5846602625037
2.05 679.9556472874167 665.5121963809029
2.06 701.9165974743157 683.8237841787102
2.07 724.5150781743025 702.5253978399506
2.08 747.7672798458686 721.6230715315817
2.09 771.6897407341787 741.1228996946481
2.1 796.2993529121102 761.0310373354504
2.11 821.6133684005724 781.3537003166964
2.12 847.6494053688382 802.0971656486722
2.13 874.4254544155535 823.2677717803931
2.14 901.9598849311667 844.871918890773
2.15 930.2714515424427 866.9160691797781
2.16 959.3793006398158 889.4067471595935
2.17 989.3029769882496 912.3505399457781
2.18 1020.0624304223641 935.7540975484335
2.19 1051.678022626506 959.6241331633546
2.2 1084.1705340005278 983.9674234632002
2.21 1117.5611706119555 1008.7908088886464
2.22 1151.8715712353212 1034.101193939553
2.23 1187.1238144793435 1059.905547466118
2.24 1223.3404260027369 1086.2109029600467
2.25 1260.5443858193435 1113.024358845703
2.26 1298.7591356933704 1140.3530787712791
2.27 1338.0085866254406 1168.2042918999518
2.28 1378.3171264302205 1196.58529320104
2.29 1419.7096274063865 1225.503443741175
2.3 1462.2114540996456 1254.9661709754496
2.31 1505.8484711596197 1284.9809690385903
2.32 1550.647051291293 1315.5553990361084
2.33 1596.634083301845 1346.6970893354687
2.34 1643.8369802435739 1378.4137358572427
2.35 1692.2836876537415 1410.7131023662785
2.36 1742.0026918920469 1443.6030207628505
2.37 1793.0230285765674 1477.0913913738318
2.38 1845.3742911188801 1511.1861832438437
2.39 1899.086639359212 1545.8954344264293
2.4 1954.1908083023297 1581.2272522751996
2.41 2010.718116955035 1617.1898137350086
2.42 2068.700477265971 1653.7913656331011
2.43 2128.1704031686213 1691.0402249702859
2.44 2189.1610197282066 1728.944779212084
2.45 2251.706072393371 1767.5134865799039
2.46 2315.839936353364 1806.7548763421855
2.47 2381.5976260016246 1846.6775491055776
2.48 2449.0148045064725 1887.2901771060838
2.49 2518.1277934898208 1928.601504500238
2.5 2588.9735828146218 1970.62034765625
2.51 2661.5898404819645 2013.355595445179
2.52 2736.014922638563 2056.8162095320895
2.53 2812.287883695491 2101.011224667207
2.54 2890.4484865590257 2145.94974897709
2.55 2970.537212974342 2191.6409642557774
2.56 3052.5952739830004 2238.0941262559645
2.57 3136.6646204949548 2285.318564980147
2.58 3222.787953976023 2333.3236849717996
2.59 3311.008737251562 2382.118965606519
2.6 3401.371205427296 2431.7139613832005
2.61 3493.9203769280352 2482.118302215185
2.62 3588.7020646552583 2533.3416937214342
2.63 3685.7628872642827 2585.3939175176756
2.64 3785.150280562014 2638.28483150758
2.65 3886.9125090260013 2692.0243701739028
2.66 3991.0986774458015 2746.6225448696678
2.67 4097.75874268737 2802.089444109305
2.68 4206.943525581503 2858.435233859832
2.69 4318.704722937056 2915.6701578319953
2.7 4433.094919679949 2973.8045377714516
2.71 4550.167601118711 3032.8487737499054
2.72 4669.977165337577 3092.8133444562955
2.73 4792.5789357178855 3153.708807487931
2.74 4918.029173588801 3215.5457996416735
2.75 5046.385091008124 3278.3350372050786
2.76 5177.7048636742065 3342.0873162475727
2.77 5312.047643969767 3406.8135129116085
2.78 5449.473574138543 3472.5245837038174
2.79 5590.043799595755 3539.2315657861864
2.8 5733.820482373127 3606.945577267199
2.81 5880.8668146995715 3675.6778174930205
2.82 6031.247032718262 3745.4395673386293
2.83 6185.026430341186 3816.2421894990116
2.84 6342.271373241914 3888.0971287802886
2.85 6503.049312987714 3961.015912390904
2.86 6667.428801311704 4035.0101502327634
2.87 6835.4795045262235 4110.091535192419
2.88 7007.272218078098 4186.271843432201
2.89 7182.878881246981 4263.562934681411
2.9 7362.372591987467 4341.97675252745
2.91 7545.827621916163 4421.525324707008
2.92 7733.319431444412 4502.220763397203
2.93 7924.924685057868 4584.07526550676
2.94 8120.7212667436215 4667.10111296715
2.95 8320.788295566073 4751.3106730237805
2.96 8525.206141392267 4836.716398527119
2.97 8734.056440767905 4923.330828223896
2.98 8947.422112944721 5011.166587048222
2.99 9165.387376060473 5100.23638641279
3.0 9388.037763472226 5190.5530245
3.01 9615.460140244197 5282.129386553147
3.02 9847.742719790873 5374.978445167572
3.03 10084.975080676504 5469.113260581809
3.04 10327.248183572052 5564.546980968777
3.05 10574.65438837028 5661.292842726902
3.06 10827.287471460368 5759.36417077132
3.07 11085.24264316263 5858.774378824994
3.08 11348.61656532472 5959.536969709918
3.09 11617.507369079962 6061.665535638239
3.1 11892.014672769124 6165.173758503451
3.11 12172.239600026354 6270.075410171523
3.12 12458.284798030563 6376.384352772098
3.13 12750.254455922935 6484.114538989609
3.14 13048.254323391995 6593.280012354487
3.15 13352.391729426752 6703.894907534277
3.16 13662.775601239446 6815.973450624842
3.17 13979.516483358455 6929.529959441482
3.18 14302.726556892796 7044.578843810132
3.19 14632.51965896886 7161.134605858486
3.2 14969.011302340812 7279.211840307202
3.21 15312.318695175261 7398.825234761015
3.22 15662.560761011677 7519.98956999994
3.23 16019.858158899147 7642.719720270394
3.24 16384.333303711 7767.030653576401
3.25 16756.11038663778 7892.937431970704
3.26 17135.31539586024 8020.455211845965
3.27 17522.07613740286 8149.599244225918
3.28 17916.5222561692 8280.384875056494
3.29 18318.785257160296 8412.827545497048
3.3 18728.99852687672 8546.942792211448
3.31 19147.29735490591 8682.7462476593
3.32 19573.818955695268 8820.25364038705
3.33 20008.70249051267 8959.480795319207
3.34 20452.089089594934 9100.443634049434
3.35 20904.12187448579 9243.158175131779
3.36 21364.945980563964 9387.640534371776
3.37 21834.70857976297 9533.906925117657
3.38 22313.558903483157 9681.97365855146
3.39 22801.648265697644 9831.857143980244
3.4 23299.130086252673 9983.573889127198
3.41 23806.159914364056 10137.140500422858
3.42 24322.895452310237 10292.573683296203
3.43 24849.49657932364 10449.890242465885
3.44 25386.12537568081 10609.107082231314
3.45 25932.946146993116 10770.241206763907
3.46 26490.125448698363 10933.309720398152
3.47 27057.832110755317 11098.329827922862
3.48 27636.23726254127 11265.31883487226
3.49 28225.51435795477 11434.294147817194
3.5 28825.83920072368 11605.27327465625
3.51 29437.38996992057 11778.273824906964
3.52 30060.347245685884 11953.313509996953
3.53 30694.894035160294 12130.410143555062
3.54 31341.215798627607 12309.581641702564
3.55 31999.500475868765 12490.846023344275
3.56 32669.93851272883 12674.221410459773
3.57 33352.72288789728 12859.726028394489
3.58 34048.049139903655 13047.378206150937
3.59 34756.11539432875 13237.196376679809
3.6 35477.12239123345 13429.1990771712
3.61 36211.27351280551 13623.404949345711
3.62 36958.7748112262 13819.832739745661
3.63 37719.83503675725 14018.50130002619
3.64 38494.66566605003 14219.429587246495
3.65 39283.48093067728 14422.636664160904
3.66 40086.497845889455 14628.141699510117
3.67 40903.93623959601 14835.963968312308
3.68 41736.01878157362 15046.12285215433
3.69 42582.97101290163 15258.637839482826
3.7 43445.02137562695 15473.528525895454
3.71 44322.40124265837 15690.814614431973
3.72 45215.34494789291 15910.515915865484
3.73 46124.08981657383 16132.652348993506
3.74 47048.876195882985 16357.243940929227
3.75 47989.947485767494 16584.31082739258
3.76 48947.550170002905 16813.873253001457
3.77 49921.933847493376 17045.951571562873
3.78 50913.35126381018 17280.56624636407
3.79 51922.058342970464 17517.73785046376
3.8 52948.31421945614 17757.487066983194
3.81 53992.381270475635 17999.834689397427
3.82 55054.5251484683 18244.801621826373
3.83 56135.01481385408 18492.408879326053
3.84 57234.122568028215 18742.67758817968
3.85 58352.12408660372 18995.628986188905
3.86 59489.298452901385 19251.28442296489
3.87 60645.92819169002 19509.665360219544
3.88 61822.29930317661 19770.793372056614
3.89 63018.70129724931 20034.690145262924
3.9 64235.427227972774 20301.37747959945
3.91 65472.77372833881 20570.87728809256
3.92 66731.04104527194 20843.211597325106
3.93 68010.53307489266 21118.40254772766
3.94 69311.55739803832 21396.472393869582
3.95 70634.42531604404 21677.443504750285
3.96 71979.45188678376 21961.338364090283
3.97 73346.95596097413 22248.179570622484
3.98 74737.26021874064 22537.9898383832
3.99 76150.69120644957 22830.79199700345
4.0 77587.57937380442 23126.608992
4.01 79048.25911121079 23425.463885066634
4.02 80533.0687874086 23727.37985436522
4.03 82042.35078737474 24032.380194816975
4.04 83576.45155049587 24340.488318393454
4.05 85135.72160901467 24651.7277544079
4.06 86720.51562674866 24966.122149806317
4.07 88331.19243808434 25283.69526945865
4.08 89968.11508724692 25604.470996449854
4.09 91631.65086784872 25928.473332371228
4.1 93322.1713627151 26255.726397611437
4.11 95040.05248399133 26586.25443164776
4.12 96785.67451352972 26920.08179333712
4.13 98559.42214356139 27257.23296120742
4.14 100361.68451765011 27597.732533748585
4.15 102192.85527193287 27941.605229703793
4.16 104053.33257664577 28288.875888360493
4.17 105943.51917793979 28639.569469841783
4.18 107863.82243998419 28993.711055397416
4.19 109814.65438736166 29351.325847695036
4.2 111796.4317477543 29712.43917111121
4.21 113809.57599492485 30077.07647202278
4.22 115854.51339199085 30445.263319097914
4.23 117931.67503499585 30817.025403587286
4.24 120041.4968967769 31192.388539615156
4.25 122184.41987113279 31571.378664470707
4.26 124360.88981729044 31954.021838899047
4.27 126571.35760467369 32340.344247392466
4.28 128816.27915797483 32730.37219848156
4.29 131096.11550252975 33124.13212502632
4.3 133411.33281000008 33521.65058450745
4.31 135762.4024443606 33922.9542593174
4.32 138149.8010081963 34328.069957051615
4.33 140574.01038930743 34737.02461079954
4.34 143035.51780762823 35149.84527943602
4.35 145534.81586245567 35566.55914791226
4.36 148072.40257999348 35987.19352754712
4.37 150648.78146120996 36411.77585631808
4.38 153264.46153001476 36840.333699152674
4.39 155919.9573817515 37272.894748219434
4.4 158615.78923201098 37709.48682321921
4.41 161352.48296576386 38150.13787167611
4.42 164130.57018681828 38594.87596922891
4.43 166950.58826759807 39043.729319922066
4.44 169813.08039924817 39496.72625649697
4.45 172718.59564206464 39953.89524068291
4.46 175667.688976255 40415.26486348852
4.47 178660.92135302562 40880.863845492735
4.48 181698.85974600128 41350.721037136056
4.49 184782.07720297517 41824.865419011556
4.5 187911.1528979953 42303.32610215625
4.51 191086.6721837832 42786.132328342144
4.52 194309.22664449058 43273.31347036739
4.53 197579.41414879347 43764.89903234753
4.54 200897.83890332477 44260.91865000644
4.55 204265.11150645025 44761.40209096778
4.56 207681.84900238385 45266.37925504596
4.57 211148.67493564854 45775.88017453745
4.58 214666.21940588017 46289.93501451168
4.59 218235.11912298182 46808.5740731025
4.6 221856.01746262197 47331.827781799184
4.61 225529.56452208507 47859.72670573766
4.62 229256.4171764707 48392.30154399148
4.63 233037.23913524844 48929.583129863306
4.64 236872.70099916344 49471.60243117579
4.65 240763.48031749975 50018.390550562915
4.66 244710.2616456979 50569.978725760964
4.67 248713.73660333466 51126.39832989991
4.68 252774.6039324593 51687.6808717944
4.69 256893.5695562929 52253.857996235085
4.7 261071.34663828887 52824.96148427946
4.71 265308.6556415609 53401.02325354344
4.72 269606.22438867367 53982.07535849226
4.73 273964.7881218024 54568.14999073171
4.74 278385.0895632597 55159.2794792992
4.75 282867.87897639617 55755.496290955074
4.76 287413.9142268691 56356.83303047373
4.77 292023.9608442867 56963.32244093472
4.78 296698.7920842266 57574.99740401394
4.79 301439.18899062957 58191.89094027473
4.8 306245.94045857457 58814.036209459184
4.81 311119.84329742973 59441.46651077921
4.82 316061.70229438634 60074.21528320774
4.83 321072.33027837274 60712.316105769685
4.84 326152.54818435735 61355.80269783347
4.85 331303.185118032 62004.70891940188
4.86 336525.0784208856 62659.06877140344
4.87 341819.07373566367 63318.91639598328
4.88 347186.02507222246 63984.28607679462
4.89 352626.7948737705 64655.21223928981
4.9 358142.2540835063 65331.72945101147
4.91 363733.2822116478 66013.87242188351
4.92 369400.76740286325 66701.67600450262
4.93 375145.6065040955 67395.17519442913
4.94 380968.7051327882 68094.40513047845
4.95 386870.97774551064 68799.4010950118
4.96 392853.3477069902 69510.19851422784
4.97 398916.7473595443 70226.83295845364
4.98 405062.1180929204 70949.3401424358
4.99 411290.4104145416 71677.75592563151
5.0 417602.5840201655 72412.1163125
