0 0 0
0.01 0.01 0.010017314351306166
0.02 0.02 0.02003462870271683
0.03 0.03 0.030051943033437837
0.04 0.04 0.04006925738453503
0.05 0.05 0.05008657174294673
0.06 0.06 0.060103886086729286
0.07 0.07 0.07012120042894474
0.08 0.08 0.08013851478004179
0.09 0.09 0.09015582912486948
0.1 0.1 0.10017314351306181
0.11 0.10999999999999999 0.11019045788401273
0.12 0.12 0.12020777227272712
0.13 0.13 0.13022508649947728
0.14 0.14 0.1402424008516196
0.15 0.15 0.1502597153657263
0.16 0.16 0.16027702976489064
0.17 0.17 0.17029434399686538
0.18 0.18 0.18031165826541268
0.19 0.18999999999999997 0.19032897272204843
0.2 0.2 0.20034628702716847
0.21 0.21 0.21036360125914294
0.22 0.21999999999999997 0.22038091554858968
0.23 0.23 0.23039822993730444
0.24 0.24 0.24041554438349
0.25 0.25 0.25043285864158843
0.26 0.26 0.2604501730146285
0.27 0.27 0.27046748743469146
0.28 0.28 0.2804848016144199
0.29 0.29 0.2905021160658308
0.3 0.3 0.3005194303343784
0.31 0.31 0.31053674479101395
0.32 0.32 0.32055405911703283
0.33 0.33 0.3305713734952974
0.34 0.34 0.34058868782654167
0.35000000000000003 0.35000000000000003 0.3506060022152566
0.36 0.36 0.36062331648902823
0.37 0.37 0.37064063089341676
0.38 0.37999999999999995 0.3806579451201679
0.39 0.39 0.39067525956635346
0.4 0.4 0.40069257384535045
0.41000000000000003 0.41000000000000003 0.4107098882915352
0.42 0.42 0.42072720257053237
0.43 0.43 0.4307445170898633
0.44 0.43999999999999995 0.44076183128526675
0.45 0.44999999999999996 0.4507791456739816
0.46 0.46 0.4607964601044943
0.47000000000000003 0.47000000000000003 0.4708137742737725
0.48 0.48 0.4808310887147336
0.49 0.49 0.4908484031556946
0.5 0.5 0.5008657174294672
0.51 0.51 0.5108830318443051
0.52 0.52 0.5209003460449307
0.53 0.53 0.5309176603657262
0.54 0.54 0.5409349747701147
0.55 0.55 0.5509522890229887
0.56 0.56 0.560969603479624
0.5700000000000001 0.5700000000000001 0.5709869179101361
0.58 0.58 0.5810042321839077
0.59 0.59 0.5910215466353186
0.6 0.6 0.6010388608672934
0.61 0.61 0.61105617513584
0.62 0.62 0.6210734894357371
0.63 0.63 0.6310908038192269
0.64 0.64 0.6411081181347966
0.65 0.65 0.6511254325757573
0.66 0.66 0.6611427468599788
0.67 0.67 0.6711600613479621
0.68 0.68 0.6811773755851622
0.6900000000000001 0.6900000000000001 0.6911946899686523
0.7000000000000001 0.7000000000000001 0.7012120042894475
0.71 0.71 0.7112293185788917
0.72 0.72 0.7212466329780565
0.73 0.7300000000000001 0.731263947419017
0.74 0.74 0.7412812617398118
0.75 0.75 0.7512985760606068
0.76 0.7599999999999999 0.7613158903500525
0.77 0.77 0.7713332047439916
0.78 0.78 0.7813505190491127
0.79 0.79 0.7913678333803571
0.8 0.8 0.801385147800418
0.81 0.81 0.8114024621891333
0.8200000000000001 0.8200000000000001 0.8214197765047024
0.8300000000000001 0.8300000000000001 0.8314370908934162
0.84 0.84 0.8414544051567395
0.85 0.85 0.8514717197074194
0.86 0.86 0.8614890337356321
0.87 0.8700000000000001 0.8715063482288397
0.88 0.8799999999999999 0.8815236626071049
0.89 0.8899999999999999 0.8915409768652035
0.9 0.8999999999999999 0.9015582912486941
0.91 0.9100000000000001 0.9115756055381403
0.92 0.92 0.9215929199843259
0.93 0.93 0.9316102342633253
0.9400000000000001 0.9400000000000001 0.9416275487095109
0.9500000000000001 0.9500000000000001 0.9516448629205854
0.96 0.96 0.9616621773406456
0.97 0.9699999999999999 0.971679491938348
0.98 0.98 0.9816968055851618
0.99 0.99 0.9917141214315571
1.0 1.0 1.0017314351306155
1.01 1.5070172024000272 1.0117487489498425
1.02 2.0489472768000017 1.0217660632915369
1.03 2.627129783200012 1.0317833773406475
1.04 3.242933657600019 1.0418006922048064
1.05 3.897757500000024 1.0518180069487977
1.06 4.593029862400031 1.061835320454545
1.07 5.330209536800023 1.0718526352664564
1.08 6.110785843200032 1.0818699493730406
1.09 6.93627891760006 1.091887264576805
1.1 7.808240000000069 1.101904578840125
1.11 8.72825172240008 1.111921892319751
1.12 9.69792839680003 1.1219392069487983
1.13 10.718916303199984 1.131956521473355
1.1400000000000001 11.79289397760007 1.1419738346917454
1.15 12.921572499999973 1.1519911485370928
1.16 14.106695782400028 1.162008463531871
1.17 15.350040856800067 1.1720257775862069
1.18 16.65341816320006 1.1820430933646795
1.19 18.018671837600056 1.1920604080459754
1.2 19.44768000000007 1.2020777227272732
1.21 20.942355042400013 1.212095035005224
1.22 22.504643916800063 1.2221123498955035
1.23 24.136528423200026 1.2321296653082567
1.24 25.840025497600067 1.242146978631139
1.25 27.61718750000007 1.2521642930512038
1.26 29.4701025024001 1.2621816082549644
1.27 31.400894576800166 1.2721989225705332
1.28 33.41172408320004 1.282216236050158
1.29 35.50478795760002 1.2922335507836982
1.3 37.68232000000004 1.3022508649947757
1.31 39.94659116240014 1.3122681811912256
1.32 42.29990983680011 1.3222854940438895
1.33 44.74462214320014 1.3323028083594568
1.34 47.283112217600056 1.3423201230407533
1.35 49.91780250000024 1.3523374362068912
1.3599999999999999 52.65115402239999 1.3623547503134812
1.37 55.48566669680008 1.3723720655694893
1.38 58.42387960320004 1.3823893796760731
1.3900000000000001 61.46837127760004 1.3924066943573667
1.4 64.62176000000007 1.4024240085161983
1.4100000000000001 67.8867040824001 1.4124413234587267
1.42 71.26590215679998 71.26836079467084
1.43 74.76209346319993 74.76456941536038
1.44 78.37805813760026 78.38055139759659
1.45 82.11661750000016 82.11912808098212
1.46 85.98063434240004 85.98316223197484
1.47 89.97301321680008 89.9755584352142
1.48 94.09670072320013 94.09926324555916
1.49 98.35468579760003 98.35726564315566
1.5 102.7500000000002 102.75259722570522
1.51 107.28571780240009 107.28833224660399
1.52 111.96495687680009 111.96758858411683
1.53 116.79087838320002 116.7935275600837
1.54 121.76668725760028 121.76935373040772
1.55 126.89563250000016 126.89831632706378
1.56 132.1810074624004 132.18370847962368
1.57 137.62615013680013 137.62886842215258
1.58 143.23444344320026 143.23717907001077
1.5899999999999999 149.00931551759996 149.01206849529785
1.6 154.95424000000014 154.95701032915358
1.6099999999999999 161.07273632239998 161.07552386624855
1.62 167.3683699968004 167.37117485370936
1.63 173.8447529032 173.84757526123283
1.6400000000000001 180.5055435776005 180.50838315047008
1.65 187.3544475000001 187.35730444096126
1.6600000000000001 194.3952173824002 194.39809153082558
1.67 201.6316534568002 201.6345450365726
1.6800000000000002 209.0676037632001 209.0705124555905
1.69 216.70696443760005 216.7098904911182
1.7000000000000002 224.55368000000058 224.5566234587254
1.71 232.61174364240014 232.61470440438887
1.72 240.8851975168001 240.88817551724193
1.73 249.37813302319995 249.38112852664577
1.74 258.0946910976001 258.09770377220565
1.75 267.0390625000005 267.0420925444095
1.76 276.21548810240023 276.2185354649945
1.77 285.62825917680027 285.6313237617552
1.78 295.28171768319993 295.2847996708464
1.79 305.1802565576009 305.18335578369897
1.8 315.32831999999996 315.33143663531916
1.81 325.7304037624 325.7335376489024
1.82 336.39105543680034 336.39420666144224
1.83 347.3148747432007 347.3180432915359
1.8399999999999999 358.5065138176003 358.5096995872522
1.85 369.97067750000065 369.97388073667804
1.8599999999999999 381.7121236224002 381.715343949843
1.87 393.73566329680085 393.73890099268584
1.88 406.04616120320077 406.0494162957156
1.8900000000000001 418.64853587760064 418.65180822361594
1.9 431.5477600000007 431.55104959770125
1.9100000000000001 444.74886068240085 444.7521676907
1.92 458.25691975679945 458.2602441379314
1.9300000000000002 472.0770740632001 472.0804156426321
1.94 486.21451573760027 486.21787463427324
1.9500000000000002 500.67449250000146 500.67786873563256
1.96 515.4623079423998 515.4657015203763
1.97 530.5833218168001 530.5867328056424
1.98 546.0429503232007 546.0463785632181
1.99 561.8466663976011 561.850111938349
2.0 578.0000000000002 578.0034628004182
2.01 594.5085384024001 594.5120184900732
2.02 611.3779264768 611.381423923719
2.0300000000000002 628.6138669832014 628.6173818129557
2.04 646.2221208576013 646.2256529414828
2.05 664.2085074999995 664.2120569435729
2.06 682.5789050624005 682.5824718181813
2.0700000000000003 701.339250736801 701.3428348171374
2.08 720.4955410432018 720.4991423772202
2.09 740.0538321175993 740.0574508986421
2.1 760.0202400000019 760.0238759456643
2.1100000000000003 780.4009409224002 780.4045941222581
2.12 801.2021715968008 801.2058421839074
2.13 822.4302295032008 822.4339173667728
2.14 844.091473177599 844.0951783646819
2.1500000000000004 866.1923225000005 866.19604507837
2.16 888.7392589824008 888.7429988401263
2.17 911.7388260567999 911.7425832288409
2.1799999999999997 935.1976293632001 935.2014038296747
2.19 959.122337037601 959.1261287983262
2.2 983.5196800000007 983.5234891640528
2.21 1008.396452242399 1008.4002793625907
2.2199999999999998 1033.759511116799 1033.7633548589336
2.23 1059.6157776232 1059.6196387669793
2.24 1085.9722366976023 1085.97611462905
2.25 1112.8359375 1112.8398330720993
2.26 1140.2139937024003 1140.2179069487997
2.27 1168.1135837768027 1168.117514472309
2.2800000000000002 1196.5419512832032 1196.5458994775363
2.29 1225.5064051576014 1225.510370219432
2.3 1255.0143200000005 1255.0183023510963
2.31 1285.073136362402 1285.0771362068988
2.3200000000000003 1315.690361036801 1315.6943773772193
2.33 1346.8735673432018 1346.8776010449321
2.34 1378.630395417602 1378.6344476489044
2.35 1410.9685525000014 1410.9726217345874
2.3600000000000003 1443.895813222401 1443.899899164056
2.37 1477.4200198968028 1477.4241230929993
2.38 1511.5490828032 1511.553204754442
2.39 1546.290980477603 1546.295118338563
2.4000000000000004 1581.6537600000033 1581.6579150992675
2.41 1617.6455372824014 1617.6497111285253
2.42 1654.2744973567999 1654.2786891849514
2.4299999999999997 1691.5488946632029 1691.553102455588
2.44 1729.4770533375993 1729.4812793103436
2.45 1768.0673675000016 1768.0716089864184
2.46 1807.3283015424 1807.3325613897596
2.4699999999999998 1847.2683904167984 1847.2726672936271
2.48 1887.8962399232012 1887.9005332288384
2.49 1929.2205269976014 1929.224837042842
2.5 1971.2500000000014 1971.2543283176603
2.51 2013.993479002402 2013.9978253918498
2.52 2057.4598560768004 2057.4642193312425
2.5300000000000002 2101.658095583203 2101.6624757575737
2.54 2146.5972344576035 2146.601632236152
2.55 2192.286382500001 2192.2907978578887
2.56 2238.7347226623992 2238.739155015677
2.5700000000000003 2285.9515113368034 2285.9559621734597
2.58 2333.9460786432014 2333.9505452978083
2.59 2382.727828717601 2382.732313584117
2.6 2432.306239999998 2432.3107425287335
2.6100000000000003 2482.6908655224047 2482.6953847962372
2.62 2533.891333196802 2533.8958697492185
2.63 2585.917346103203 2585.9218999477544
2.64 2638.778682777605 2638.783253657259
2.6500000000000004 2692.4851975000042 2692.489786050153
2.66 2747.046820582403 2747.0514274817174
2.67 2802.4735586568013 2802.478182131654
2.6799999999999997 2858.775494963206 2858.780135214212
2.69 2915.9627896376073 2915.9674457680235
2.7 2974.045680000005 2974.0503549634286
2.71 3033.0344808423974 3033.039172152562
2.7199999999999998 3092.9395847168 3092.9442954545434
2.73 3153.771462223205 3153.7761904388703
2.74 3215.540662297598 3215.5454056948815
2.75 3278.257812499998 3278.2625732497395
2.76 3341.9336193024033 3341.9383985893396
2.77 3406.5788683768014 3406.583664629044
2.7800000000000002 3472.204424883198 3472.209238610237
2.79 3538.821233757603 3538.8260647857874
2.8 3606.4403199999983 3606.4451688087765
2.81 3675.072788962406 3675.077654022986
2.8200000000000003 3744.7298266368075 3744.7347096656185
2.83 3815.4226999432008 3815.427600417977
2.84 3887.1627570176015 3887.1676730407535
2.85 3959.961427500002 3959.9663629571546
2.8600000000000003 4033.830222822401 4033.8351755485915
2.87 4108.780736496807 4108.7857063740785
2.88 4184.824644403194 4184.829630407523
2.89 4261.973705077601 4261.978708777428
2.9000000000000004 4340.239759999998 4340.244781609203
2.91 4419.634733882403 4419.639771159876
2.92 4500.170634956805 4500.175691118083
2.9299999999999997 4581.8595552632005 4581.86462868339
2.94 4664.713670937606 4664.718761442011
2.95 4748.745242500009 4748.750349947752
2.96 4833.966615142399 4833.971740386634
2.9699999999999998 4920.390219016797 4920.395361233024
2.98 5008.028569523204 5008.033730303026
2.99 5096.894267597603 5096.899445715778
3.0 5187.000000000009 5187.005194043885
3.0100000000000002 5278.358539602405 5278.363750888187
3.02 5370.982745676802 5370.987973981192
3.0300000000000002 5464.885564183203 5464.890810188082
3.04 5560.080028057598 5560.085291954023
3.05 5656.579257499997 5656.584538714733
3.06 5754.396460262396 5754.40175778476
3.07 5853.544931936799 5853.550248171368
3.08 5954.0380562431965 5954.043388244517
3.09 6055.889305317595 6055.8946553813885
3.1 6159.112240000015 6159.117607941501
3.11 6263.720510122412 6263.72589414837
3.12 6369.727854796817 6369.733256321833
3.13 6477.148102703208 6477.15352225705
3.14 6585.995172377614 6586.000609352136
3.15 6696.283072500005 6696.288526123312
3.16 6808.0259021824195 6808.031373824451
3.17 6921.237851256806 6921.243340282137
3.18 7035.9332005632 7035.938705433657
3.19 7152.126322237598 7152.131844618612
3.2 7269.831680000009 7269.837221734601
3.21 7389.063829442405 7389.069387460807
3.22 7509.837418316809 7509.842993207952
3.23 7632.1671868232 7632.172779519338
3.24 7756.06796789759 7756.073577586211
3.25 7881.554687500007 7881.560314785809
3.2600000000000002 8008.6423649023955 8008.648009979107
3.27 8137.3461129768 8137.351775757588
3.2800000000000002 8267.681138483198 8267.68681739811
3.29 8399.662742357616 8399.668439184943
3.3000000000000003 8533.306320000012 8533.31203396028
3.31 8668.627361562407 8668.633093730403
3.32 8805.641452236798 8805.647200992686
3.33 8944.364272543202 8944.370038087765
3.34 9084.811598617602 9084.817381086705
3.35 9226.99930250001 9227.00510360501
3.36 9370.943352422417 9370.949170062706
3.37 9516.659813096807 9516.665647230933
3.38 9664.164846003203 9664.170698432587
3.39 9813.474709677603 9813.48057951936
3.4 9964.605759999995 9964.611647596641
3.41 10117.574450482412 10117.580358411724
3.42 10272.397332556806 10272.403245036561
3.43 10429.091055863215 10429.096992685461
3.44 10587.672368537611 10587.678331765921
3.45 10748.158117500021 10748.164084639491
3.46 10910.565248742416 10910.57124555905
3.47 11074.910807616816 11074.916826541255
3.48 11241.21193912322 11241.217970219426
3.49 11409.485888197623 11409.491938871484
3.5 11579.750000000007 11579.756067398092
3.5100000000000002 11752.021720202394 11752.027791013576
3.52 11926.318595276805 11926.324691222571
3.5300000000000002 12102.658272783194 12102.664390804586
3.54 12281.0585016576 12281.06463166143
3.5500000000000003 12461.537132500027 12461.543262277915
3.56 12644.112117862383 12644.118282131678
3.57 12828.801512536807 12828.807694357361
3.58 13015.623473843214 13015.629671891375
3.59 13204.596261917624 13204.602479101344
3.6 13395.738239999995 13395.744473354223
3.61 13589.067874722408 13589.07412957159
3.62 13784.603736396786 13784.610010449298
3.63 13982.3644993032 13982.37078683384
3.64 14182.368941977611 14182.375233542338
3.65 14384.635947500003 14384.642270637432
3.66 14589.184503782437 14589.19084639496
3.67 14796.033703856816 14796.040054858933
3.68 15005.202746163217 15005.209113375153
3.69 15216.710934837585 15216.717327586215
3.7 15430.57768000004 15430.58408098225
3.71 15646.822498042431 15646.828914838019
3.72 15865.46501191682 15865.471448798311
3.73 16086.52495142323 16086.531413270657
3.74 16310.022153497608 16310.028624346909
3.75 16535.976562500007 16535.98305851621
3.7600000000000002 16764.408230502402 16764.41474346919
3.77 16995.337317576803 16995.34383646812
3.7800000000000002 17228.78409208322 17228.790647335394
3.79 17464.76893095763 17464.77550313479
3.8000000000000003 17703.312319999997 17703.318893416923
3.81 17944.434854162435 17944.441448275888
3.82 18188.157237836796 18188.163858934164
3.83 18434.500285143193 18434.506917972816
3.84 18683.484920217597 18683.491560606042
3.85 18935.132177500003 18935.138837513085
3.86 19189.463202022365 19189.469881400233
3.87 19446.499249696797 19446.505951933126
3.88 19706.261687603186 19706.268412225723
3.89 19968.771994277624 19968.77872727272
3.9 20234.051759999973 20234.058510971787
3.91 20502.122687082414 20502.12945245561
3.92 20773.006590156816 20773.013364681316
3.93 21046.72539646319 21046.732197492165
3.94 21323.30114613766 21323.30796551724
3.95 21602.75599250005 21602.762837513073
3.96 21885.112202342443 21885.11906165098
3.97 22170.392156216814 22170.399028735676
3.98 22458.61834872326 22458.625232497383
3.99 22749.81338879762 22749.820295193338
4.0 23044.00000000003 23092.030602403327
4.01 23341.201020802393 23438.898188610277
4.02 23641.4394048768 23740.847394984346
4.03 23944.73822138324 24045.877776906982
4.04 24251.120655257626 24354.012683385623
4.050000000000001 24560.610007500043 24665.275597178694
4.0600000000000005 24873.229695462425 24979.690135841127
4.07 25189.00325313684 25297.27996708469
4.08 25507.95433144319 25618.06894200624
4.09 25830.106698517604 25942.080984326054
4.1 26155.484239999998 26269.34020846391
4.109999999999999 26484.1109593224 26599.870767502576
4.12 26816.010977996822 26933.696930512044
4.13 27151.208535903206 27270.84317450367
4.140000000000001 27489.727991577634 27611.33401097176
4.15 27831.593822500003 27955.194113375153
4.16 28176.830625382427 28302.448239811896
4.17 28525.463116456838 28653.12131556948
4.18 28877.516131763212 29007.23836050159
4.1899999999999995 29233.01462743761 29364.824491640513
4.2 29591.983680000016 29725.9050188088
4.21 29954.4484866424 30090.5052941484
4.220000000000001 30320.434365516827 30458.650818704304
4.23 30689.966756023266 30830.367261755433
4.24 31063.07121909762 31205.680341170308
4.25 31439.77343750003 31584.61592633232
4.26 31820.099216102422 31967.200075757617
4.27 32204.074482176766 32353.458831243464
4.28 32591.72528568318 32743.418510971784
4.29 32983.07779955761 33137.10541797281
4.300000000000001 33378.15832000004 33534.5460909091
4.3100000000000005 33776.99326676243 33935.76714420065
4.32 34179.609183436856 34340.795300417914
4.33 34586.03273774323 34749.65746342733
4.34 34996.2907218176 35162.38057001052
4.35 35410.4100525 35578.99178369906
4.359999999999999 35828.417771622386 35999.518328108694
4.37 36250.34104629684 36423.98761024029
4.38 36676.2071692032 36852.42708725188
4.390000000000001 37106.04355887764 37284.8643955067
4.4 37539.87776000006 37721.327295193216
4.41 37977.737443682374 38161.84365464995
4.42 38419.65040775683 38606.44150052243
4.43 38865.6445770632 39055.148956112884
4.4399999999999995 39315.74800373758 39507.99427429467
4.45 39769.9888675 39965.00586468136
4.46 40228.3954759424 40426.21223667717
4.470000000000001 40690.99626481691 40891.64203866248
4.48 41157.81979832324 41361.32405851619
4.49 41628.894769397615 41835.28721525596
4.5 42104.250000000015 42313.56052664575
4.51 42583.91444140245 42796.17317816089
4.52 43067.917174476825 43283.15443887149
4.53 43556.287409983226 43774.53377847445
4.54 44049.05448885762 44270.34074608157
4.550000000000001 44546.24788250005 44770.60503239291
4.5600000000000005 45047.89719306244 45275.356466039724
4.57 45554.032153736785 45784.624987983225
4.58 46064.68262904317 46298.44072779505
4.59 46579.878615117625 46816.83386833852
4.6 47099.650239999995 47339.834789968685
4.609999999999999 47624.02776392232 47867.47395663533
4.62 48153.04157959677 48399.782022466105
4.63 48686.722212503235 48936.78971473358
4.640000000000001 49225.10032117764 49478.5279373039
4.65 49768.2066975001 50025.02770428409
4.66 50316.07226698249 50576.3202115988
4.67 50868.728089056785 51132.436706374094
4.68 51426.205357363164 51693.40862852666
4.6899999999999995 51988.535400037516 52259.26756321837
4.7 52555.74968000009 52830.04520010451
4.71 53127.87979524244 53405.77337513065
4.720000000000001 53704.95747911691 53986.48407262276
4.73 54287.01460062321 54572.20938505752
4.74 54874.0831646976 55162.98154963431
4.75 55466.19531250008 55758.83299268557
4.76 56063.383321702415 56359.796199059616
4.77 56665.67960677681 56965.90384430504
4.78 57273.116719283295 57577.18872936256
4.79 57885.72734815769 58193.68377899682
4.800000000000001 58503.544320000095 58815.422079937314
4.8100000000000005 59126.60059936249 59442.436823929005
4.82 59754.92928903689 60074.76138819222
4.83 60388.56363034323 60712.42926384544
4.84 61027.53700341764 61355.474084117035
4.85 61671.88292750005 62003.92960240336
4.859999999999999 62321.635061222354 62657.829754963495
4.87 62976.82720289677 63317.20859352148
4.88 63637.49329080321 63982.100294670716
4.890000000000001 64303.66740347762 64652.53921264367
4.9 64975.383760000084 65328.55983960295
4.91 65652.67672028246 66010.19677533953
4.92 66335.5807853569 66697.48476489032
4.93 67024.13059766321 67390.45873824449
4.9399999999999995 67718.36094133764 68089.15374712643
4.95 68418.30674250002 68793.60498484854
4.96 69124.00306954238 69503.84775809819
4.970000000000001 69835.48513341692 70219.91758254971
4.98 70552.78828792322 70941.85005485885
4.99 71275.94802999777 71669.68094879828
5.0 72004.99999999997 72403.4461572624
5.01 72739.97998200245 73143.18175026141
5.0200000000000005 73480.92390407674 73888.92395924774
5.03 74227.86783858325 74640.70909299886
5.04 74980.84800245763 75398.57364002086
5.05 75739.90075750013 76162.55427063735
5.0600000000000005 76505.06261066253 76932.6877403343
5.07 77276.37021433687 77709.01097439909
5.08 78053.86036664322 78491.56109195399
5.09 78837.57001171765 79280.37526227788
5.1 79627.53623999999 80075.49091797305
5.11 80423.79628852251 80876.94552925791
5.12 81226.38754119675 81684.7767946706
5.13 82035.34752910315 82499.02250522457
5.14 82850.71393077765 83319.72065569498
5.15 83672.52457250004 84146.90934169285
5.16 84500.81742858248 84980.62680668743
5.17 85335.63062165685 85820.9115036572
5.18 86177.00242296318 86667.8019796238
5.19 87024.97125263762 87521.33692476482
5.2 87879.5756800002 88381.55523928934
5.21 88740.85442384245 89248.49592058516
5.22 89608.84635271678 90122.19811337518
5.23 90483.59048522323 91002.70116718908
5.24 91365.12599029773 91890.04453343777
5.25 92253.49218750004 92784.26782340641
5.26 93148.72854730241 93685.41081295713
5.2700000000000005 94050.87469137691 94593.51342319758
5.28 94959.9703928833 95508.61574817146
5.29 95876.05557675766 96430.75797648923
5.3 96799.17031999998 97359.98054075248
5.3100000000000005 97729.35485196236 98296.32395924756
5.32 98666.64955463674 99239.82889759674
5.33 99611.0949629433 100190.53622257058
5.34 100562.73176501755 101148.48701149419
5.3500000000000005 101521.60080250009 102113.72207941496
5.36 102487.74307082251 103086.28320794157
5.37 103461.19971949681 104066.21158307236
5.38 104442.01205240336 105053.54891849529
5.39 105430.2215280777 106048.33698014631
5.4 106425.86976 107050.61757053278
5.41 107428.9985168825 108060.43278996887
5.42 108439.64972295692 109077.82518286312
5.43 109457.86545826319 110102.83689132704
5.44 110483.68795893769 111135.51042319745
5.45 111517.15961750007 112175.88858411674
5.46 112558.32298314245 113224.01430512004
5.47 113607.22076201683 114279.93054336461
5.48 114663.89581752324 115343.68054336456
5.49 115728.3911705977 116415.30753918504
5.5 116800.75000000022 117494.85525078364
5.51 117881.01564260232 118582.36711598742
5.5200000000000005 118969.23159367684 119677.88708463927
5.53 120065.4415071833 120781.4592476488
5.54 121169.68919605769 121893.1273981192
5.55 122282.01863250005 123012.93622257047
5.5600000000000005 123402.47394826256 124140.93001567385
5.57 124531.09943493675 125277.15330721022
5.58 125667.93954424307 126421.65117554863
5.59 126813.0388883177 127574.46837513051
5.6000000000000005 127966.44224000025 128735.65010449316
5.61 129128.19453312234 129905.24146812978
5.62 130298.34086279667 131083.28800940438
5.63 131476.92648570344 132269.83545977008
5.64 132663.99682037765 133464.929399164
5.65 133859.59744750004 134668.61595088828
5.66 135063.77411018257 135880.94102403315
5.67 136276.5727142568 137101.950888192
5.68 137498.03932856338 138331.69213688586
5.69 138728.22018523756 139570.2111024032
5.7 139967.16168000008 140817.55474399193
5.71 141214.91037244227 142073.76970741915
5.72 142471.51298631678 143338.90358934173
5.73 143737.0164098233 144613.0031713689
5.74 145011.46769589774 145896.11582027195
5.75 146294.91406249988 147188.28947230912
5.76 147587.40289290255 148489.57196447215
5.7700000000000005 148888.98173597697 149800.01063218407
5.78 150199.6983064833 151119.65393939367
5.79 151519.60048535772 152448.54989550728
5.8 152848.73632000017 153786.74719958205
5.8100000000000005 154187.1540245626 155134.2944932082
5.82 155534.9019802369 156491.2402089868
5.83 156892.02873554337 157857.63349007323
5.84 158258.5830066178 159233.52336468128
5.8500000000000005 159634.61367750014 160618.95876698
5.86 161020.16980042245 162013.98984848507
5.87 162415.3005960969 163418.6655067921
5.88 163820.05545400348 164833.0358568443
5.89 165234.48393267763 166257.15092998938
5.9 166658.63576000006 167691.06050156738
5.91 168092.56083348245 169134.81514629044
5.92 169536.309220557 170588.4651671887
5.93 170989.93115886312 172052.06105015668
5.94 172453.4770565375 173525.65409090908
5.95 173926.99749249997 175009.2946656219
5.96 175410.54321674237 176503.0342371997
5.97 176904.16515061684 178006.92402298836
5.98 178407.91438712328 179521.0154388719
5.99 179921.84219119762 181045.36018808818
6.0 181446.0 182580.0103291538
6.01 182980.43942320236 184125.01778996878
6.0200000000000005 184525.21224327694 185680.43443051193
6.03 186080.37041578305 187246.31287356315
6.04 187645.9660696579 188822.70564263273
6.05 189222.05150750006 190409.66531870436
6.0600000000000005 190808.67920586266 192007.24484326044
6.07 192405.90181553693 193615.4974137933
6.08 194013.77216184328 195234.47591431538
6.09 195632.34324491763 196864.2340909092
6.1000000000000005 197261.6682400004 198504.82535005207
6.11 198901.8004977228 200156.30354232012
6.12 200552.7935443969 201818.72259143146
6.13 202214.70108230342 203492.13655172408
6.14 203887.57698997762 205176.5996185999
6.15 205571.47532250016 206872.1665882972
6.16 207266.45031178257 208578.89189132676
6.17 208972.55636685702 210296.8301828626
6.18 210689.84807416325 212026.03684953033
6.19 212418.38019783783 213766.56678160932
6.2 214158.20768000025 215518.47551201683
6.21 215909.38564104273 217281.81834378262
6.22 217671.96937991664 219056.65143155702
6.23 219446.01437442345 220843.03029258127
6.24 221231.57628149766 222641.01106060587
6.25 223028.71093750017 224450.65021943604
6.26 224837.47435850275 226272.0038975965
6.2700000000000005 226657.9227405773 228105.1290961337
6.28 228490.11246008342 229950.08216823346
6.29 230334.10007395767 231806.9205851623
6.3 232189.94232000015 233675.70120689578
6.3100000000000005 234057.69611716256 235556.4815099267
6.32 235937.41856583738 237449.31906478546
6.33 237829.16694814328 239354.271337513
6.34 239732.99872821808 241271.3966614423
6.3500000000000005 241648.97155250024 243200.75256530812
6.36 243577.14325002237 245142.3980668758
6.37 245517.57183269702 247096.39089341645
6.38 247470.31549560322 249062.79010971836
6.39 249435.432617278 251041.65437826564
6.4 251412.98176000008 253033.04263845412
6.41 253403.02167008218 255037.01443051186
6.42 255405.61127815695 257053.6289341692
6.43 257420.80969946334 259082.9455276903
6.44 259448.67623413776 261125.02411703236
6.45 261489.27036750017 263179.9248589345
6.46 263542.65177034267 265247.7076854751
6.47 265608.8802992165 267328.432831766
6.48 267688.01599672314 269422.1609143157
6.49 269780.11909179774 271528.95262277924
6.5 271885.2500000002 273648.8686624873
6.51 274003.46932380274 275781.97035527683
6.5200000000000005 276134.8378528767 277928.31884012505
6.53 278279.4165643836 280087.97556948796
6.54 280437.2666232578 282261.0023667712
6.55 282608.4493825005 284447.4605381397
6.5600000000000005 284793.02638346254 286647.41277429456
6.57 286991.05935613706 288860.9206008363
6.58 289202.6102194434 291088.04705851665
6.59 291427.74108151783 293328.854273772
6.6000000000000005 293666.51424000016 295583.4053187043
6.61 295918.9921823229 297851.7628108673
6.62 298185.23758599686 300133.990208986
6.63 300465.31331890303 302430.15077325027
6.64 302759.2824395777 304740.30813479633
6.65 305067.2081975003 307064.52592476533
6.66 307389.1540333828 309402.8679467081
6.67 309725.1835794571 311755.3984639506
6.68 312075.3606597637 314122.18184953014
6.69 314439.7492904381 316503.2825339609
6.7 316818.41368000023 318898.7655276908
6.71 319211.4182296427 321308.6951671888
6.72 321618.8275335172 323733.1367450368
6.73 324040.70637902286 326172.1557471266
6.74 326477.1197470979 328625.817309299
6.75 328928.1328125004 331094.1874660395
6.76 331393.8109441022 333577.33198014594
6.7700000000000005 333874.21970517724 336075.3169226742
6.78 336369.4248536835 338588.20830720937
6.79 338879.49234255776 341116.07311912184
6.8 341404.48832000006 343658.9774033436
6.8100000000000005 343944.4791297627 346216.9884482761
6.82 346499.5313114373 348790.1733490074
6.83 349069.7116007431 351378.59893939336
6.84 351655.0869298174 353982.3330355277
6.8500000000000005 354255.7244275 356601.4430982238
6.86 356871.691419623 359235.9969226756
6.87 359503.0554292972 361886.0627324969
6.88 362149.8841772033 364551.7086520376
6.89 364812.24558187794 367233.0032967603
6.9 367490.20776000054 369930.0149843259
6.91 370183.8390266823 372642.8129519328
6.92 372893.2078957567 375371.46582027094
6.93 375618.3830800629 378116.0431295719
6.94 378359.43349173747 380876.614132706
6.95 381116.4282425009 383653.24853709515
6.96 383889.4366439429 386446.0164890279
6.97 386678.528207817 389254.98757053236
6.98 389483.7726463236 392080.23253395956
6.99 392305.2398723982 394921.8213166144
7.0 395143.0000000006 397779.82470219414
7.01 397997.12334440264 400654.3137042845
7.0200000000000005 400867.680422477 403545.359064785
7.03 403754.74195298366 406453.03280564386
7.04 406658.37885685766 409377.4054545461
7.05 409578.6622575003 412318.54912748246
7.0600000000000005 412515.6634810623 415276.5358934179
7.07 415469.4540567366 418251.4373824453
7.08 418440.1057170435 421243.3264106581
7.09 421427.69039811747 424252.2751306169
7.1000000000000005 424432.2802400006 427278.3560658298
7.11 427453.9475869227 430321.642523511
7.12 430492.76498759614 433382.2071577845
7.13 433548.80519550346 436460.12389759684
7.140000000000001 436622.14116917766 439555.4656739804
7.15 439712.8460725008 442668.3064576806
7.16 442820.99327498296 445798.7203552758
7.17 445946.6563520567 448946.78118077415
7.18 449089.90908536356 452112.5634587257
7.19 452250.8254630379 455296.14170323964
7.2 455429.4796799994 458497.5907471252
7.21 458625.9461382429 461716.9854284208
7.22 461840.2994471174 464954.40119122295
7.23 465072.61442362337 468209.9130668764
7.24 468322.96609269816 471483.59697492013
7.25 471591.42968749977 474775.52861546585
7.26 474878.0806497021 478085.7839132718
7.2700000000000005 478182.99462977727 481414.43940438924
7.28 481506.2474872841 484761.57114942494
7.29 484847.91529115796 488127.25580459763
7.3 488208.07432000095 491511.57077324955
7.3100000000000005 491586.80106236204 494914.59246603836
7.32 494984.17221703724 498336.3986677117
7.33 498400.2646933426 501777.06648380327
7.34 501835.15561141755 505236.6739759682
7.3500000000000005 505288.9223025003 509421.7812957168
7.36 508761.6423092224 512926.2509874605
7.37 512253.3933858978 516449.9390961342
7.38 515764.25349880353 519992.924514108
7.390000000000001 519294.3008264779 523555.2866144212
7.4 522843.61376000004 527137.1039759656
7.41 526412.2709032819 530738.4565935213
7.42 530000.3510733577 534359.4236572637
7.43 533607.933300664 538000.0850888186
7.44 537235.0968293374 541660.5213113906
7.45 540881.9211175005 545340.8121682339
7.46 544548.485837543 549041.0385005238
7.47 548234.8708764174 552761.2805224671
7.48 551941.1563359242 556501.6196029251
7.49 555667.4225329971 560262.1368025081
7.5 559413.750000001 564042.9132340666
7.51 563180.2194850016 567844.0310919549
7.5200000000000005 566966.911952077 571665.5715099269
7.53 570773.9085815831 575507.6169226742
7.54 574601.2907704584 579370.249299894
7.55 578449.1401325 583253.5511546507
7.5600000000000005 582317.5384986625 587157.6052925802
7.57 586206.5679173368 591082.4945506782
7.58 590116.3106546438 595028.3020950895
7.59 594046.8491947175 598995.1111703234
7.6000000000000005 597998.2662400007 602983.0054702191
7.61 601970.6447115218 606992.0686050162
7.62 605964.067749197 611022.384597701
7.63 609978.6187121032 615074.0377168246
7.640000000000001 614014.3811787785 619147.1122988506
7.65 618071.4389475001 623241.6932915358
7.66 622149.8760365824 627357.8654597694
7.67 626249.7766846566 631495.7137042832
7.68 630371.2253509635 635655.3235057474
7.69 634514.3067156387 639836.7804597713
7.7 638679.1056800016 644040.1703030315
7.71 642865.7073668418 648265.5790491124
7.72 647074.1971207162 652513.0929571572
7.73 651304.6605082235 656782.7983699077
7.74 655557.1833182976 661074.7820585176
7.75 659831.8515624995 665389.1309770104
7.76 664128.7514753024 669725.9320323926
7.7700000000000005 668447.9695143763 674085.2728787878
7.78 672789.592360883 678467.2409404372
7.79 677153.7069197573 682871.9239289456
7.8 681540.4003200004 687299.4099895515
7.8100000000000005 685949.7599149632 691749.7871786843
7.82 690381.8732826376 696223.1444670846
7.83 694836.8282259436 700719.5701567413
7.84 699314.7127730177 705239.1531870426
7.8500000000000005 703815.615177501 709781.9827533946
7.86 708339.6239188231 714348.1485632182
7.87 712886.8277024974 718937.7399634264
7.88 717457.3154604031 723550.8465830733
7.890000000000001 722051.1763510781 728187.55916928
7.9 726668.4997600003 732847.9671055373
7.91 731309.3752998819 737532.1619278996
7.92 735973.8928109568 742240.2336833844
7.93 740662.1423612643 746972.2736990596
7.94 745374.2142469375 751728.3731452448
7.95 750110.1989925 756508.6234482753
7.96 754870.1873511437 761313.1163375125
7.97 759654.2703050167 766141.943699058
7.98 764462.5390655232 770995.1976541264
7.99 769295.0850735988 775872.9706948793
8.0 774151.9999999997 780775.355496343
8.01 779033.375745604 785702.4446603962
8.02 783939.304441676 790654.3313479645
8.030000000000001 788869.8784501835 795631.1091536045
8.04 793825.1903640577 800632.8712068954
8.05 798805.3330075006 805659.7116405427
8.06 803810.399436264 810711.7246029255
8.07 808840.4829379371 815789.0037147325
8.08 813895.6770322428 820891.6440125386
8.09 818976.0754713169 826019.7399111802
8.100000000000001 824081.772240001 831173.3867032374
8.11 829212.8615561217 836352.6791483787
8.120000000000001 834369.4378707984 841557.7131243466
8.129999999999999 839551.595868703 846788.5841065845
8.14 844759.4304683794 852045.3877429449
8.15 849993.0368225 857328.2205747123
8.16 855252.5103181826 862637.1787826513
8.17 860537.9465772564 867972.3590334373
8.18 865849.4414565647 873333.8580929984
8.190000000000001 871187.0910482378 878721.7733019867
8.2 876550.991679999 884136.2015203752
8.21 881941.2399154425 889577.2407157791
8.219999999999999 887357.9325543155 895044.9885161972
8.23 892801.1666328241 900539.543228844
8.24 898271.0394238982 906061.0026907012
8.25 903767.648437501 911609.4657001046
8.26 909291.0914209017 917185.0309352145
8.27 914841.4663589764 922787.79743992
8.280000000000001 920418.8714744842 928417.8645663526
8.29 926023.4052283586 934075.3314681315
8.3 931655.1663200017 939760.2982131701
8.31 937314.2536875621 945472.8646133745
8.32 943000.7665082378 951213.1308411675
8.33 948714.8041985448 956981.1974451395
8.34 954456.466414618 962777.1649947728
8.350000000000001 960225.8530525004 968601.1344932051
8.36 966023.0642484213 974453.2071943568
8.370000000000001 971848.2003790977 980333.4843207957
8.379999999999999 977701.3620620028 986242.0679153627
8.39 983582.6501556792 992179.0593051227
8.4 989492.1657600014 998144.5611233055
8.41 995430.0102164823 1004138.6776906943
8.42 1001396.2851085567 1010161.5044409641
8.43 1007391.0922618621 1016213.1533437783
8.440000000000001 1013414.5337445374 1022293.7209508853
8.45 1019466.7118674995 1028403.3140020953
8.46 1025547.7291847443 1034542.0381922668
8.469999999999999 1031657.6884936166 1040709.9920062717
8.48 1037796.6928351227 1046907.2834378334
8.49 1043964.8454941998 1053134.0121734596
8.5 1050162.2499999995 1059390.2903866326
8.51 1056389.0101262024 1065676.2151515114
8.52 1062645.229891279 1071991.897962379
8.530000000000001 1068931.013558784 1078337.439916407
8.54 1075246.465637657 1084712.9488505775
8.55 1081591.6908825007 1091118.5273249757
8.56 1087966.7942938637 1097554.2873563294
8.57 1094371.881118538 1104020.3281086765
8.58 1100807.0568498445 1110516.7658829733
8.59 1107272.4272279178 1117043.6948798255
8.600000000000001 1113768.0982400014 1123601.2294148358
8.61 1120294.1761207236 1130189.481295721
8.620000000000001 1126850.7673523983 1136808.5476489027
8.629999999999999 1133437.978665303 1143458.5437826545
8.64 1140055.9170379792 1150139.5781609174
8.65 1146704.6896974999 1156851.751985375
8.66 1153384.404119782 1163595.181765928
8.67 1160095.1680298587 1170369.9729885098
8.68 1166837.0894021639 1177176.2292580968
8.690000000000001 1173610.2764608397 1184014.0745036558
8.7 1180414.8376799994 1190883.6016718878
8.71 1187250.881784042 1197784.9299373056
8.719999999999999 1194118.5177479172 1204718.1739289376
8.73 1201017.8547974247 1211683.428213168
8.74 1207949.002409498 1218680.8193834957
8.75 1214912.070312501 1225710.451201676
8.76 1221907.1684865009 1232772.4329153628
8.77 1228934.407163576 1239866.8836468132
8.780000000000001 1235993.8968280833 1246993.9040229886
8.79 1243085.7482169557 1254153.613427372
8.8 1250210.0723200003 1261346.1237199525
8.81 1257366.9803801635 1268571.5468129544
8.82 1264556.5838938386 1275829.9936781647
8.83 1271778.9946111431 1283121.5794670784
8.84 1279034.3245362174 1290446.4106583088
8.850000000000001 1286322.6859275002 1297804.609299889
8.86 1293644.191298021 1305196.2886624949
8.870000000000001 1300998.9534156974 1312621.5566875609
8.879999999999999 1308387.0853036037 1320080.527533961
8.89 1315808.7002402784 1327573.3229362685
8.9 1323263.911760001 1335100.0550156706
8.91 1330752.8336530833 1342660.831138984
8.92 1338275.579966159 1350255.7799895583
8.93 1345832.265002463 1357885.003657267
8.940000000000001 1353423.0033221408 1365548.624973869
8.95 1361047.9097424985 1373246.7637931088
8.96 1368707.099338344 1380979.5238244527
8.969999999999999 1376400.687442216 1388747.0319749208
8.98 1384128.7896447266 1396549.4049634286
8.99 1391891.5217948009 1404386.7578369959
9.0 1399689.0000000005 1412259.202612323
9.01 1407521.3406268014 1420166.8660397092
9.02 1415388.6603008765 1428109.8590386636
9.03 1423291.0759073836 1436088.2994775428
9.040000000000001 1431228.7045912573 1444102.3103970808
9.05 1439201.6637575019 1452152.0089864193
9.06 1447210.071071462 1460237.5130094073
9.07 1455254.044459136 1468358.9424242496
9.08 1463333.702107446 1476516.4164576838
9.09 1471449.1624645193 1484710.057419013
9.1 1479600.544240003 1492939.9801985445
9.11 1487787.9664053237 1501206.3036050238
9.120000000000001 1496011.548193997 1509509.1573145152
9.13 1504271.4091019034 1517848.6533960197
9.14 1512567.6688875777 1526224.9148380402
9.15 1520900.4475724995 1534638.0694879775
9.16 1529269.865441384 1543088.2251828595
9.17 1537676.0430424588 1551575.5181818188
9.18 1546119.1011877619 1560100.0661441954
9.19 1554599.160953437 1568661.9868338618
9.2 1563116.3436799985 1577261.4025078444
9.21 1571670.770972643 1585898.4413793185
9.22 1580262.564701518 1594573.2242424195
9.23 1588891.847002023 1603285.8800418035
9.24 1597558.740275097 1612036.5189655176
9.25 1606263.3671874998 1620825.2804075293
9.26 1615005.8506721044 1629652.2774294724
9.27 1623786.3139281743 1638517.6342215142
9.28 1632604.8804216844 1647421.488296766
9.290000000000001 1641461.6738855592 1656363.9490595672
9.3 1650356.818320002 1665345.1522988398
9.31 1659290.4379927632 1674365.2171891278
9.32 1668262.6574394386 1683424.2775862117
9.33 1677273.6014637416 1692522.4488505821
9.34 1686323.3951378162 1701659.868077332
9.35 1695412.1638025017 1710836.6518286203
9.36 1704540.0330676213 1720052.9314002173
9.370000000000001 1713707.1288123 1729308.8376698096
9.38 1722913.5771852066 1738604.4972309321
9.39 1732159.5046048781 1747940.0299895466
9.4 1741445.037760002 1757315.5763322806
9.41 1750770.3036096818 1766731.2524555894
9.42 1760135.429383755 1776187.1944096028
9.43 1769540.542583064 1785683.524033435
9.44 1778985.7709797402 1795220.3832810982
9.45 1788471.242617499 1804797.8888714851
9.46 1797997.0858119405 1814416.175548578
9.47 1807563.4291508188 1824075.3728840225
9.48 1817170.4014943226 1833775.607836981
9.49 1826818.1319753975 1843517.0160919519
9.5 1836506.7500000042 1853299.7258620644
9.51 1846236.3852474005 1863123.8737722156
9.52 1856007.167670475 1872989.5823928858
9.53 1865819.2274959835 1882896.985736682
9.540000000000001 1875672.6952248588 1892846.2141065765
9.55 1885567.7016325 1902837.405903879
9.56 1895504.3777690653 1912870.6922674922
9.57 1905482.854959737 1922946.2000522374
9.58 1915503.264805045 1933064.0675548515
9.59 1925565.7391811158 1943224.421525613
9.6 1935670.4102400034 1953427.4054859076
9.61 1945817.4104099215 1963673.1470219325
9.620000000000001 1956006.8723956016 1973961.7827063724
9.63 1966238.9291785036 1984293.4392894562
9.64 1976513.7140171763 1994668.265256006
9.65 1986831.3604475025 2005086.384430528
9.66 1997192.002282983 2015547.9299373154
9.67 2007595.7736150587 2026053.050365719
9.68 2018042.808813364 2036601.8725705473
9.69 2028533.242526035 2047194.528578887
9.700000000000001 2039067.209680004 2057831.16739811
9.71 2049644.845481245 2068511.9122779656
9.72 2060266.2854151176 2079236.9089341834
9.73 2070931.665246624 2090006.2933124355
9.74 2081641.1210207005 2100820.197962375
9.75 2092394.7890625026 2111678.7653605
9.76 2103192.8059777054 2122582.1289446084
9.77 2114035.308652779 2133530.4328631256
9.78 2124922.4342552805 2144523.813740861
9.790000000000001 2135854.3202341585 2155562.409926871
9.8 2146831.10432 2166646.3605538295
9.81 2157852.9245253657 2177775.8030825513
9.82 2168919.9191450397 2188950.882236172
9.83 2180032.22675634 2200171.728996859
9.84 2191189.9862194187 2211438.4960292587
9.85 2202393.3366775 2222751.312225708
9.86 2213642.4175572246 2234110.324399171
9.870000000000001 2224937.3685689 2245515.6786311306
9.88 2236278.3297068016 2256967.50506792
9.89 2247665.4412494814 2268465.953239301
9.9 2259098.843760001 2280011.163375123
9.91 2270578.6780862845 2291603.277377213
9.92 2282105.0853613545 2303242.4356322014
9.93 2293678.2070036638 2314928.7871995727
9.94 2305298.1847173357 2326662.46891328
9.950000000000001 2316965.1604925045 2338443.6237199535
9.96 2328679.2766055465 2350272.404231994
9.97 2340440.6756194197 2362148.9463427505
9.98 2352249.5003839238 2374073.398171387
9.99 2364105.894035999 2386045.9008882106
10.0 2376010.0000000037 2398066.6022465974
10.01 2387961.9619880035 2410135.6456112848
10.02 2399961.9240000737 2422253.180146291
10.03 2412010.030324586 2434419.345506801
10.040000000000001 2424106.4255384584 2446634.294514099
10.05 2436251.2545075016 2458898.1685997895
10.06 2448444.662386666 2471211.1145245507
10.07 2460686.7946203398 2483573.284796225
10.08 2472977.7969426415 2495984.8181295684
10.09 2485317.815377722 2508445.8718913463
10.1 2497706.9962400007 2520956.586259135
10.11 2510145.486134522 2533517.1088296757
10.120000000000001 2522633.4319571946 2546127.5966039686
10.13 2535170.980895105 2558788.1904388713
10.14 2547758.2804267816 2571499.0399163966
10.15 2560395.4783224994 2584260.2983280984
10.16 2573082.7226445833 2597072.109874606
10.17 2585820.161747657 2609934.6308255
10.18 2598607.944278964 2622848.0068442975
10.19 2611446.2191786366 2635812.3921107864
10.200000000000001 2624335.135680007 2648827.931609212
10.21 2637274.843309839 2661894.782497375
10.22 2650265.4918887196 2675013.092946702
10.23 2663307.231531221 2688183.0121734487
10.24 2676400.2126462995 2701404.6999477497
10.25 2689544.5859375005 2714678.3015673864
10.26 2702740.5024033044 2728003.9722048114
10.27 2715988.113337376 2741381.8638453656
10.28 2729287.570328881 2754812.128892375
10.290000000000001 2742639.0252627586 2768294.9229885284
10.3 2756042.6303200023 2781830.401671919
10.31 2769498.537977963 2795418.7124869297
10.32 2783006.9010106376 2809060.015308247
10.33 2796567.872488941 2822754.4653605106
10.34 2810181.6057810136 2836502.2120689587
10.35 2823848.2545525 2850303.415256031
10.36 2837567.9727668194 2864158.2304597595
10.370000000000001 2851340.9146854975 2878066.810658301
10.38 2865167.2348684035 2892029.314629044
10.39 2879047.088174079 2906045.899895533
10.4 2892980.629760002 2920116.717084637
10.41 2906968.0150828855 2934241.931138993
10.42 2921009.3998989533 2948421.695141068
10.43 2935104.940264264 2962656.167084644
10.44 2949254.7925349413 2976945.504493197
10.450000000000001 2963459.1133674984 2991289.8673458896
10.46 2977718.059719147 3005689.4117032667
10.47 2992031.788848024 3020144.3005746985
10.48 3006400.458313522 3034654.689498431
10.49 3020824.225976597 3049220.7398118977
10.5 3035303.2500000037 3063842.6092476486
10.51 3049837.688848604 3078520.4614942647
10.52 3064427.7012896733 3093254.454075248
10.53 3079073.4463931797 3108044.747753381
10.540000000000001 3093775.0835320656 3122891.5049111685
10.55 3108532.7723825024 3137794.886154677
10.56 3123346.672924259 3152755.054231958
10.57 3138216.9454409326 3167772.1696969788
10.58 3153143.7505202447 3182846.3939916682
10.59 3168127.249054322 3197977.8917973093
10.6 3183167.602240001 3213166.825809815
10.61 3198264.971579125 3228413.3595088935
10.620000000000001 3213419.5188787957 3243717.6536572753
10.63 3228631.4062517085 3259079.8748694016
10.64 3243900.7961163837 3274500.1850574776
10.65 3259227.8511975054 3289978.7510971627
10.66 3274612.7345261844 3305515.7365726116
10.67 3290055.6094402624 3321111.305067903
10.68 3305556.639584565 3336765.6234064843
10.69 3321115.9889112352 3352478.859874621
10.700000000000001 3336733.8216800014 3368251.1753396136
10.71 3352410.302458444 3384082.7398119015
10.72 3368145.59612232 3399973.7159352154
10.73 3383939.8678558297 3415924.275600819
10.74 3399793.283151894 3431934.582915354
10.75 3415706.0078125014 3448004.806112837
10.76 3431678.2079489017 3464135.1135841245
10.77 3447710.049981979 3480325.6731452583
10.78 3463801.700642478 3496576.6531870603
10.790000000000001 3479953.326971362 3512888.220898645
10.8 3496165.0963200014 3529260.5485893223
10.81 3512437.176350565 3545693.8026645575
10.82 3528769.735036236 3562188.1561128744
10.83 3545162.9406615454 3578743.7753395815
10.84 3561616.96182262 3595360.8338035424
10.85 3578131.967427498 3612039.49853708
10.86 3594708.126696419 3628779.9458725327
10.870000000000001 3611345.609162105 3645582.342528734
10.88 3628044.5846700035 3662446.861546511
10.89 3644805.2233786792 3679373.6737199733
10.9 3661627.695759997 3696362.9545454676
10.91 3678512.1725994837 3713414.873093017
10.92 3695458.824996556 3730529.6035527745
10.93 3712467.824364869 3747707.3207418844
10.94 3729539.3424325357 3764948.1952978144
10.950000000000001 3746673.551242498 3782252.4032393154
10.96 3763870.6231527464 3799620.1190177747
10.97 3781130.7308366178 3817051.514733525
10.98 3798454.0472831246 3834546.7673458527
10.99 3815840.745797198 3852106.0509926667
11.0 3833290.999999995 3869729.541588279
11.01 3850804.983829203 3887417.412486963
11.02 3868382.8715392826 3905169.844461856
11.03 3886024.837701782 3922987.008934151
11.040000000000001 3903731.05720566 3940869.08599791
11.05 3921501.70525751 3958816.2533437684
11.06 3939336.9573818673 3976828.684012558
11.07 3957236.9894215316 3994906.5606582942
11.08 3975201.9775378457 4013050.0583594427
11.09 3993232.098210915 4031259.3552769073
11.1 4011327.528240002 4049534.6308777602
11.11 4029488.444743724 4067876.0640543243
11.120000000000001 4047715.025160399 4086283.8354754318
11.13 4066007.4472483015 4104758.121525616
11.14 4084365.8890859797 4123299.1040752437
11.15 4102790.5290725 4141906.9646290545
11.16 4121281.545927777 4160581.881400227
11.17 4139839.118692868 4179324.0380355087
11.18 4158463.4267301713 4198133.612016728
11.19 4177154.6497238395 4217010.788035498
11.200000000000001 4195912.967680003 4235955.748484831
11.21 4214738.560927045 4254968.671577872
11.22 4233631.610115925 4274049.744566341
11.23 4252592.2962204255 4293199.146656241
11.24 4271620.800537497 4312417.061964458
11.25 4290717.304687495 4331703.674399187
11.26 4309881.990614504 4351059.169070037
11.27 4329115.040586573 4370483.729937303
11.28 4348416.637196076 4389977.538505725
11.290000000000001 4367786.96335996 4409540.781922646
11.3 4387226.202320004 4429173.6469697235
11.31 4406734.537643166 4448876.315255983
11.32 4426312.153221841 4469194.151410685
11.33 4445959.233274142 4489040.363688611
11.34 4465675.962344221 4508956.955224669
11.35 4485462.525302501 4528944.111598758
11.36 4505319.107346022 4549002.020219419
11.370000000000001 4525245.893998699 4569130.869122264
11.38 4545243.071111607 4589330.846238234
11.39 4565310.824863277 4609602.137983305
11.4 4585449.341760003 4629944.934117053
11.41 4605658.808636088 4650359.422466055
11.42 4625939.412654161 4670845.793103418
11.43 4646291.34130547 4691404.237408558
11.44 4666714.7824101355 4712034.942319759
11.450000000000001 4687209.924117506 4732738.096603983
11.46 4707776.954906348 4753513.895141076
11.47 4728416.063585217 4774362.527429454
11.48 4749127.439292722 4795284.182706393
11.49 4769911.271497798 4816279.053814001
11.5 4790767.750000003 4837347.333281072
11.51 4811697.064929806 4858489.210762812
11.52 4832699.406748874 4879704.881452462
11.53 4853774.966250383 4900994.537408559
11.540000000000001 4874923.934559259 4922358.369540232
11.55 4896146.503132503 4943796.575548599
11.56 4917442.863759465 4965309.347753386
11.57 4938813.208562138 4986896.877168238
11.58 4960257.729995447 5008559.36138975
11.59 4981776.620847523 5030296.994566354
11.6 5003370.0742400065 5052109.972413791
11.61 5025038.2836283175 5073998.490229883
11.620000000000001 5046781.442802003 5095962.745350051
11.63 5068599.745884906 5118002.929519335
11.64 5090493.387335585 5140119.243834899
11.65 5112462.5619474985 5162311.882131654
11.66 5134507.4648493845 5184581.043364679
11.67 5156628.291505456 5206926.923772205
11.68 5178825.237715764 5229349.722622795
11.69 5201098.499616438 5251849.637931049
11.700000000000001 5223448.273680005 5274426.867293614
11.71 5245874.756715643 5297081.61097179
11.72 5268378.145869524 5319814.067345869
11.73 5290958.63862502 5342624.436102417
11.74 5313616.432803101 5365512.917136893
11.75 5336351.726562494 5388479.711076298
11.76 5359164.718400107 5411525.018495302
11.77 5382055.607151178 5434649.039864157
11.78 5405024.59198968 5457851.976907009
11.790000000000001 5428071.872428555 5481134.031086733
11.8 5451197.648320006 5504495.403657264
11.81 5474402.119855765 5527936.298693804
11.82 5497685.487567437 5551456.918861036
11.83 5521047.952326745 5575057.465465016
11.84 5544489.715345815 5598738.142110774
11.85 5568010.978177501 5622499.153291552
11.86 5591611.942715622 5646340.702455604
11.870000000000001 5615292.811195303 5670262.995559044
11.88 5639053.78619321 5694266.235945668
11.89 5662895.070627884 5718350.628683395
11.9 5686816.867760012 5742516.379153599
11.91 5710819.381192684 5766763.69352144
11.92 5734902.814871757 5791092.777742922
11.93 5759067.373086069 5815503.8380355
11.94 5783313.260467733 5839997.082967616
11.950000000000001 5807640.681992501 5864572.717241389
11.96 5832049.8429799415 5889230.949791026
11.97 5856540.949093821 5913971.988140027
11.98 5881114.206342324 5938796.039446191
11.99 5905769.821078394 5963703.314524522
12.0 5930508.0 5988694.020741907
12.01 5955328.950150399 6013768.3682862995
12.02 5980232.878918478 6038926.565412759
12.03 6005219.994038979 6064168.822466006
12.040000000000001 6030290.503592856 6089495.350522439
12.05 6055444.616007497 6114906.360397057
12.06 6080682.540057062 6140402.062068969
12.07 6106004.484862736 6165982.667607121
12.08 6131410.659893047 6191648.388087773
12.09 6156901.274964127 6217399.436050158
12.1 6182476.540240003 6243236.02445141
12.11 6208136.666232919 6269158.365308238
12.120000000000001 6233881.863803597 6295166.671891348
12.13 6259712.344161502 6321261.156739834
12.14 6285628.318865177 6347442.034743996
12.15 6311629.999822495 6373709.520480668
12.16 6337717.599290986 6400063.828631113
12.17 6363891.329878055 6426505.1724660555
12.18 6390151.404541364 6453033.767554841
12.19 6416498.03658904 6479649.830511992
12.200000000000001 6442931.439680013 6506353.577742962
12.21 6469451.82782425 6533145.222884017
12.22 6496059.415383118 6560024.985736682
12.23 6522754.417069628 6586993.0813479815
12.24 6549537.0479486985 6614049.728369911
12.25 6576407.523437508 6641195.142110773
12.26 6603366.059305702 6668429.543312443
12.27 6630412.871675784 6695753.149947766
12.28 6657548.177023283 6723166.18077326
12.290000000000001 6684772.192177157 6750668.852925789
12.3 6712085.134320005 6778261.388714728
12.31 6739487.220988359 6805944.006896551
12.32 6766978.670073048 6833716.927011492
12.33 6794559.699819346 6861580.370794134
12.34 6822230.528827413 6889534.556165113
12.35 6849991.376052503 6917579.70945664
12.36 6877842.460805224 6945716.047544425
12.370000000000001 6905784.002751897 6973943.7966561895
12.38 6933816.221914807 7002263.178108688
12.39 6961939.338672487 7030674.411076267
12.4 6990153.573760007 7059177.721682353
12.41 7018459.148269285 7087773.3330720775
12.42 7046856.283649362 7116461.470114949
12.43 7075345.201706664 7145242.353030277
12.44 7103926.124605345 7174116.212486948
12.450000000000001 7132599.274867491 7203083.268547529
12.46 7161364.8753735535 7232143.745611279
12.47 7190223.149362423 7261297.877272706
12.48 7219174.320431921 7290545.880250763
12.49 7248218.612539004 7319887.984535004
12.5 7277356.250000006 7349324.416980134
12.51 7306587.457490999 7378855.405224641
12.52 7335912.460048079 7408481.176593529
12.53 7365331.48306759 7438201.955851625
12.540000000000001 7394844.752306476 7468017.977011505
12.55 7424452.4938825 7497929.462382451
12.56 7454154.934274669 7527936.643991655
12.57 7483952.300323341 7558039.752664571
12.58 7513844.819230636 7588239.0165621815
12.59 7543832.718560729 7618534.663793111
12.6 7573916.226240004 7648926.92727271
12.61 7604095.570557514 7679416.036415897
12.620000000000001 7634370.980165203 7710002.222831771
12.63 7664742.684078101 7740685.718338558
12.64 7695210.911674788 7771466.7519853655
12.65 7725775.892697498 7802345.560553836
12.66 7756437.857252587 7833322.37486936
12.67 7787197.035810662 7864397.425339579
12.68 7818053.659206972 7895570.946238232
12.69 7849007.958641639 7926843.177063752
12.700000000000001 7880060.165679993 7958214.342110753
12.71 7911210.512252839 7989684.684900739
12.72 7942459.230656716 8021254.433437808
12.73 7973806.553554229 8052923.825391836
12.74 8005252.713974287 8084693.097283204
12.75 8036797.945312493 8116562.484848486
12.76 8068442.481331303 8148532.221943572
12.77 8100186.556160379 8180602.546029287
12.78 8132030.404296891 8212773.698171371
12.790000000000001 8163974.260605771 8245045.911076259
12.8 8196018.3603200065 8277419.423981169
12.81 8228162.93904097 8309894.474973883
12.82 8260408.232738642 8342471.302246589
12.83 8292754.477751945 8375150.1439394
12.84 8325201.910789012 8407931.24237198
12.85 8357750.76892751 8440814.835423183
12.86 8390401.289614836 8473801.161285272
12.870000000000001 8423153.710668506 8506890.462486934
12.88 8456008.270276403 8540082.980929995
12.89 8488965.206997084 8573378.952351091
12.9 8522024.759760002 8606778.625130635
12.91 8555187.16786588 8640282.235632172
12.92 8588452.670986945 8673890.029467115
12.93 8621821.509167278 8707602.24608149
12.94 8655293.922822932 8741419.134064805
12.950000000000001 8688870.152742498 8775340.931034463
12.96 8722550.44008716 8809367.883176569
12.97 8756335.026391024 8843500.23422151
12.98 8790224.153561536 8877738.22842214
12.99 8824218.063879607 8912082.11206899
13.0 8858316.999999989 8946532.12810869
13.01 8892521.204951597 8981088.524712665
13.02 8926830.92213767 9015751.543416955
13.030000000000001 8961246.39533618 9050521.437460788
13.040000000000001 8995767.868700057 9085398.447962355
13.05 9030395.586757505 9120382.826698016
13.06 9065129.794412265 9155474.816771168
13.07 9099970.736943936 9190674.666509934
13.08 9134918.66000825 9225982.628317675
13.09 9169973.809637323 9261398.944357336
13.1 9205136.432240007 9296923.870794138
13.11 9240406.774602119 9332557.651828634
13.120000000000001 9275785.08388679 9368300.54033441
13.13 9311271.607634714 9404152.785997903
13.14 9346866.593764389 9440114.63704285
13.15 9382570.290572515 9476186.345924778
13.16 9418382.946734179 9512368.165987454
13.17 9454304.811303254 9548660.345088834
13.18 9490336.133712562 9585063.139080454
13.19 9526477.163774233 9621576.799843261
13.200000000000001 9562728.15168001 9658201.576071085
13.21 9599089.34800144 9694937.726489004
13.22 9635561.003690323 9731785.501410674
13.23 9672143.370078826 9768745.154127484
13.24 9708836.698879905 9805816.942528704
13.25 9745641.242187517 9843001.120637417
13.26 9782557.252476912 9880297.939759623
13.27 9819584.982604986 9917707.659874614
13.280000000000001 9856724.685810491 9955230.535997935
13.290000000000001 9893976.61571437 9992866.824033462
13.3 9931341.026320001 10030616.84691745
13.31 9968818.172013564 10068480.739289446
13.32 10006408.30756424 10106458.809299896
13.33 10044111.688124541 10144551.137931034
13.34 10081928.569230622 10182758.406478578
13.35 10119859.206802512 10221080.612852665
13.36 10157903.85714443 10259518.019331243
13.370000000000001 10196062.776945105 10298070.892894462
13.38 10234336.223278027 10336739.39446186
13.39 10272724.453601688 10375524.037617555
13.4 10311227.725760011 10414424.9169279
13.41 10349846.29798249 10453442.132183908
13.42 10388580.42888455 10492576.31400209
13.43 10427430.377467863 10531827.539707419
13.44 10466396.403120542 10571196.043364681
13.450000000000001 10505478.765617505 10610682.06060606
13.46 10544677.72512074 10650286.017763846
13.47 10583993.542179618 10690007.993730407
13.48 10623426.477731118 10729848.19122257
13.49 10662976.79310019 10769807.136363637
13.5 10702644.750000006 10809885.053291537
13.51 10742430.610532193 10850082.048066875
13.52 10782334.637187278 10890398.417450367
13.530000000000001 10822357.09284478 10930834.512539186
13.540000000000001 10862498.240773672 10971390.545454545
13.55 10902758.344632506 11012066.85109718
13.56 10943137.668469863 11052863.495297806
13.57 10983636.476724539 11093781.021421108
13.58 11024255.034225842 11134819.436259143
13.59 11064993.606193926 11175979.137408568
13.6 11105852.458240004 11217260.532392895
13.61 11146831.856366744 11258663.757575758
13.620000000000001 11187932.066968417 11300188.951933125
13.63 11229153.356831314 11341836.469174504
13.64 11270495.993133998 11383606.78892372
13.65 11311960.243447497 11425499.873040752
13.66 11353546.375735784 11467516.065308254
13.67 11395254.658355858 11509655.887147335
13.68 11437085.360058168 11551919.18861024
13.69 11479038.749986826 11594306.776907
13.700000000000001 11521115.097680008 11636818.336990595
13.71 11563314.67307003 11679454.598746082
13.72 11605637.74648394 11722215.627481714
13.73 11648084.588643417 11765101.787878787
13.74 11690655.470665494 11808113.082027169
13.75 11733350.664062517 11851250.139498433
13.76 11776170.440742508 11894513.113375131
13.77 11819115.073009564 11937902.28892372
13.780000000000001 11862184.833564091 11981417.993730407
13.790000000000001 11905379.995502973 12025060.196969697
13.8 11948700.832319995 12068829.630094044
13.81 11992147.617906185 12112726.14263323
13.82 12035720.62654983 12156750.3615465
13.83 12079420.132937152 12200902.372518286
13.84 12123246.412152216 12245182.512539186
13.85 12167199.739677513 12289591.048066875
13.86 12211280.391394014 12334128.144200627
13.870000000000001 12255488.643581703 12378794.314524556
13.88 12299824.772919599 12423589.79832811
13.89 12344289.056486286 12468514.612852665
13.9 12388881.771759992 12513569.189655172
13.91 12433603.196619092 12558754.037095089
13.92 12478453.60934216 12604069.065308254
13.93 12523433.288608458 12649514.874085685
13.94 12568542.513498148 12695091.43678161
13.950000000000001 12613781.563492503 12740799.229885057
13.96 12659150.718474353 12786638.64785789
13.97 12704650.258728225 12832609.787878787
13.98 12750280.464940732 12878712.898119122
13.99 12796041.618200801 12924948.240334379
14.0 12841934.000000019 12971316.362068966
14.01 12887957.892232807 13017817.34430512
14.02 12934113.577196876 13064451.549634274
14.030000000000001 12980401.337593397 13111219.130094044
14.040000000000001 13026821.456527265 13158120.635318704
14.05 13073374.217507526 13205156.05799373
14.06 13120059.904447466 13252325.909090908
14.07 13166878.801665165 13299630.18861024
14.08 13213831.193883432 13347069.576280043
14.09 13260917.366230518 13394644.06478579
14.1 13308137.604240004 13442354.063740857
14.11 13355492.193851335 13490199.908568444
14.120000000000001 13402981.421410002 13538181.76384535
14.13 13450605.573667923 13586299.929467084
14.14 13498364.937783582 13634554.782654127
14.15 13546259.801322505 13682946.448798329
14.16 13594290.452257372 13731475.437304076
14.17 13642457.178968456 13780142.004702194
14.18 13690760.270243768 13828946.206374086
14.19 13739200.015279442 13877888.770114943
14.200000000000001 13787776.703680007 13926969.485893417
14.21 13836490.625458643 13976189.031870428
14.22 13885342.071037533 14025547.455067921
14.23 13934331.331248036 14075045.15047022
14.24 13983458.697331095 14124682.529780565
14.25 14032724.460937519 14174459.793103449
14.26 14082128.914128108 14224377.056948798
14.27 14131672.349374188 14274434.908568444
14.280000000000001 14181355.059557693 14324633.370428422
14.290000000000001 14231177.337971563 14374973.0276907
14.3 14281139.478320012 14425453.967607105
14.31 14331241.77471879 14476076.478056427
14.32 14381484.52169543 14526841.036050158
14.33 14431868.01418975 14577747.822361546
14.34 14482392.547553828 14628797.051724138
14.35 14533058.417552495 14679989.090909092
14.36 14583865.920363618 14731324.384535005
14.370000000000001 14634815.352578292 14782803.06844305
14.38 14685907.01120122 14834425.498432603
14.39 14737141.193650862 14886192.001044933
14.4 14788518.197759997 14938102.815047022
14.41 14840038.321775699 14990158.100835945
14.42 14891701.864359751 15042358.521421108
14.43 14943509.124589086 15094704.079937303
14.44 14995460.401955739 15147195.209508883
14.450000000000001 15047555.99636753 15199832.19905956
14.46 15099796.208147936 15252615.380355276
14.47 15152181.338036817 15305545.032915361
14.48 15204711.687190318 15358621.315047022
14.49 15257387.557181405 15411844.828631138
14.5 15310209.25000001 15465215.542319749
14.51 15363177.068053413 15518734.036050158
14.52 15416291.314166483 15572400.426854754
14.530000000000001 15469552.291582005 15626215.101358412
14.540000000000001 15522960.30396086 15680178.470219435
14.55 15576515.655382521 15734290.777429467
14.56 15630218.650345078 15788552.080982236
14.57 15684069.593765717 15842963.061650993
14.58 15738068.790981065 15897523.893416928
14.59 15792216.547747137 15952234.810344828
14.6 15846513.170239996 16007096.066875653
14.61 15900958.965055931 16062108.127481714
14.620000000000001 15955554.239211602 16117271.317659352
14.63 16010299.300144501 16172585.941483803
14.64 16065194.455713205 16228052.079414839
14.65 16120240.014197506 16283670.297805643
14.66 16175436.284298992 16339440.921107627
14.67 16230783.575141042 16395364.045454545
14.68 16286282.196269372 16451440.079414839
14.69 16341932.457652066 16507669.432079416
14.700000000000001 16397734.669680012 16564052.312957158
14.71 16453689.14316727 16620589.079414839
14.72 16509796.18935113 16677280.066353187
14.73 16566056.119892607 16734125.549634274
14.74 16622469.246876687 16791125.89968652
14.75 16679035.882812496 16848281.216300942
14.76 16735756.340633705 16905592.09665622
14.77 16792630.933698777 16963058.859456636
14.780000000000001 16849659.9757913 17020681.53709509
14.790000000000001 16906843.78112017 17078460.757575758
14.8 16964182.664320022 17136396.54754441
14.81 17021676.940451384 17194489.4430512
14.82 17079326.92500104 17252739.793625914
14.83 17137132.93388236 17311147.734587252
14.84 17195095.283435453 17369713.6368861
14.85 17253214.290427517 17428437.92998955
14.86 17311490.27205322 17487320.840647858
14.870000000000001 17369923.5459349 17546362.692789968
14.88 17428514.430122815 17605563.850052245
14.89 17487263.243095484 17664924.53709509
14.9 17546170.30376001 17724445.166666668
14.91 17605235.93145227 17784126.09352142
14.92 17664460.445937347 17843967.69122257
14.93 17723844.167409655 17903970.054858934
14.94 17783387.41649334 17964133.706374086
14.950000000000001 17843090.514242508 18024458.866248693
14.96 17902953.782141577 18084945.89550679
14.97 17962977.542105436 18145595.063740857
14.98 18023162.116479907 18206406.86572623
14.99 18083507.82804202 18267381.388192266
15.0 18144014.999999993 18328519.11755486
